RDATA/clipped/fe_buffer_bio14.asc
NCOLS 1344 
NROWS 672 
XLLCORNER -43 
YLLCORNER 25 
CELLSIZE 0.0833333333333333 
NODATA_value -9999 
[rows 440 to 479 of 672, columns 720 to 809 of 1344]
70 68 69 64 66 66 66 72 65 63 61 61 61 61 61 61 60 59 60 59 58 58 58 57 57 56 56 55 55 54 53 53 52 52 52 51 51 51 50 50 49 49 48 47 46 45 44 44 43 42 42 43 42 42 44 45 45 46 46 45 45 42 44 42 41 40 38 38 38 37 37 37 37 37 37 37 36 36 36 36 36 35 36 36 35 35 35 35 35 35
74 71 70 69 64 66 64 61 60 60 62 62 62 62 64 63 62 61 61 61 60 60 60 59 59 58 57 57 56 55 55 55 54 54 53 53 52 52 51 50 50 49 48 47 46 45 45 44 43 42 42 42 43 44 44 44 44 44 46 47 45 45 45 43 41 40 38 38 37 37 37 36 36 36 36 36 36 36 36 36 36 35 35 36 35 35 35 35 35 35
79 76 73 73 62 60 68 63 65 63 64 64 64 64 64 65 64 64 62 62 63 63 63 62 61 60 59 58 58 57 57 56 55 54 54 54 53 53 52 51 50 49 50 48 47 45 45 44 43 43 43 43 42 43 44 47 51 49 48 47 45 44 44 43 41 40 39 38 38 37 36 36 36 35 35 35 35 35 35 35 36 36 35 35 35 35 35 35 35 35
79 77 77 77 69 61 67 70 71 73 67 66 66 67 66 65 67 65 65 64 64 65 64 64 63 63 61 60 59 58 58 58 57 56 56 55 54 53 52 52 50 49 49 48 46 46 44 44 44 44 43 42 43 43 45 47 48 50 48 45 44 43 42 42 41 40 40 39 38 37 36 36 35 35 35 35 35 35 35 35 36 36 35 35 36 35 35 35 35 35
78 78 75 77 75 71 67 73 80 75 71 69 70 69 69 68 67 69 69 67 67 66 66 66 65 64 63 62 62 61 61 59 58 56 57 56 55 54 53 52 51 50 50 48 46 45 45 45 45 44 43 42 42 43 45 46 48 48 47 44 42 42 42 41 41 41 40 39 38 37 36 36 35 35 35 34 35 35 35 35 36 36 36 36 36 36 36 35 35 35
75 78 74 75 76 80 75 73 76 78 76 73 72 72 71 71 70 70 70 71 70 68 68 67 66 65 66 65 62 61 59 59 58 58 58 58 57 56 54 53 51 50 48 47 47 45 47 47 45 44 44 44 42 43 43 45 47 46 44 42 43 43 42 41 42 41 40 39 39 38 36 36 35 35 34 34 35 35 35 36 36 36 36 36 36 36 36 36 36 36
65 72 70 73 77 73 69 66 71 73 75 77 74 72 74 75 71 73 73 72 71 71 70 70 69 68 68 68 65 64 61 59 60 59 59 59 58 57 56 54 53 51 49 47 47 45 46 48 46 44 45 44 43 43 43 45 45 44 46 44 44 43 42 41 42 41 40 40 39 39 37 36 36 36 35 36 36 36 37 37 36 36 36 36 36 36 36 36 36 36
62 69 65 68 76 77 78 73 64 65 65 71 75 81 82 78 74 76 78 76 75 74 73 73 73 71 71 69 67 66 64 60 58 59 59 59 59 59 57 55 54 52 50 48 46 45 45 47 45 45 44 44 43 43 43 44 45 44 45 45 45 45 44 41 44 43 41 40 40 39 38 38 37 36 37 37 37 37 38 38 38 37 37 38 36 36 36 36 36 36
58 62 65 64 71 76 78 81 68 64 74 67 72 77 81 79 82 77 78 78 77 74 73 72 74 73 73 72 72 70 67 64 62 61 61 60 60 60 58 57 57 56 52 53 50 48 46 46 45 44 44 44 44 44 43 43 44 44 45 45 44 43 42 41 43 44 43 41 41 39 39 39 38 38 38 38 38 38 38 38 38 37 38 38 38 38 37 37 37 38
55 58 58 63 66 71 72 69 62 70 81 79 69 72 78 76 80 78 76 73 72 72 75 77 77 75 75 73 73 72 71 68 65 64 63 63 62 61 60 59 59 58 56 53 54 55 52 49 47 45 45 44 44 44 43 43 43 43 45 45 45 43 42 42 43 45 44 43 41 41 41 40 39 39 39 39 39 39 39 39 39 38 38 38 38 38 37 37 38 38
52 49 51 54 59 63 65 68 66 60 59 73 74 71 74 71 75 80 79 76 74 74 76 75 75 77 77 77 75 73 71 73 69 67 66 65 65 63 62 63 60 61 57 54 54 58 54 50 48 46 45 45 46 46 44 43 43 43 43 43 43 42 43 43 42 43 46 47 44 44 43 42 41 41 40 40 40 41 40 40 40 40 39 39 38 38 37 38 38 37
56 51 48 47 50 51 51 52 58 56 57 71 70 70 78 75 74 82 83 79 74 74 76 76 79 77 75 76 78 75 75 72 74 71 69 68 67 66 66 66 63 62 58 55 56 58 58 52 49 47 47 47 48 49 46 45 44 43 43 43 42 43 43 43 42 42 43 47 47 46 43 42 41 41 41 41 42 41 42 42 41 41 40 39 39 38 38 38 38 37
52 57 51 53 46 46 48 51 51 49 53 65 73 65 68 74 75 76 77 77 81 81 77 77 83 83 80 76 76 78 77 75 74 74 72 71 69 68 68 68 68 63 60 57 58 64 59 54 51 50 48 46 45 45 44 44 43 42 42 42 42 41 41 43 42 41 42 43 46 47 44 42 42 41 42 42 42 42 43 43 42 42 42 41 39 38 39 39 38 39
37 46 47 46 44 42 44 45 47 48 49 57 64 65 64 70 74 72 74 77 83 82 78 80 80 79 79 78 77 76 78 76 73 75 75 74 72 71 69 68 66 63 61 59 57 57 57 55 53 51 48 47 45 45 45 43 43 42 42 42 41 42 43 40 40 40 40 41 42 44 45 45 44 43 42 42 43 44 44 43 42 42 42 40 39 39 38 39 38 39
36 36 37 44 44 40 41 43 43 44 46 50 58 60 63 67 74 71 67 74 78 75 74 83 86 80 79 78 77 79 78 75 75 73 76 76 75 73 72 70 68 65 63 62 60 57 58 60 56 53 49 47 46 45 46 44 42 42 41 41 41 40 44 44 40 40 39 38 41 42 42 43 44 43 43 42 42 43 43 42 41 40 40 39 40 39 39 38 39 39
34 39 38 36 38 38 39 38 41 41 44 45 51 56 57 59 63 64 69 69 72 78 72 79 79 80 81 82 79 79 79 74 73 71 73 75 75 74 73 71 68 66 66 65 62 58 57 58 58 52 50 48 47 48 45 43 42 41 40 39 39 40 39 39 39 39 41 39 38 39 40 40 42 42 42 42 41 42 42 41 41 41 40 41 41 40 39 39 39 39
36 36 37 39 39 36 38 39 42 44 44 47 51 53 61 60 54 60 68 71 68 74 74 73 74 76 78 82 82 79 75 75 75 72 71 73 75 75 71 68 68 67 65 63 62 58 58 58 58 52 50 48 47 48 46 43 41 40 39 39 38 38 39 38 39 40 40 39 39 38 39 39 40 40 41 41 40 41 41 41 39 39 40 40 39 41 41 41 41 41
-9999 33 32 -9999 34 37 38 38 38 41 44 45 47 51 54 58 51 54 64 64 68 68 65 65 74 77 81 76 79 78 75 79 80 74 70 71 73 72 71 70 71 71 71 65 60 57 54 55 55 52 49 49 48 47 44 42 41 40 39 39 38 38 41 42 40 40 42 40 39 38 38 38 38 38 38 39 38 39 40 40 40 39 41 40 40 41 41 41 41 42
-9999 -9999 -9999 31 33 34 34 37 35 37 39 46 45 43 47 49 50 48 57 58 60 62 58 58 65 74 80 76 64 72 73 77 77 74 70 73 76 74 75 73 69 64 60 58 58 56 54 52 51 50 49 49 48 46 44 43 42 40 41 42 39 37 40 42 42 38 37 37 39 38 38 38 37 36 35 34 34 36 38 39 40 40 40 40 40 41 41 41 41 42
-9999 -9999 -9999 -9999 -9999 35 35 34 34 33 33 37 39 39 39 41 45 48 51 58 59 61 61 55 62 67 74 74 60 67 73 77 74 71 73 75 74 73 73 65 59 57 56 56 55 54 53 53 49 48 49 49 49 46 45 43 43 41 39 39 37 36 38 41 40 41 39 39 39 37 36 37 38 37 34 33 32 33 34 35 37 38 39 40 40 40 40 41 41 41
-9999 -9999 -9999 -9999 -9999 -9999 -9999 -9999 -9999 -9999 -9999 -9999 32 34 37 40 46 55 63 58 53 59 60 58 49 59 67 69 61 67 75 76 76 75 74 70 76 76 73 62 58 56 54 54 54 54 51 50 48 47 47 47 47 45 42 41 42 43 41 38 36 37 40 41 40 40 38 37 37 36 37 36 36 38 39 38 33 33 34 35 36 38 39 39 39 40 40 41 41 41
-9999 -9999 -9999 -9999 -9999 -9999 -9999 -9999 -9999 -9999 -9999 -9999 -9999 -9999 31 33 39 49 61 56 50 53 54 58 52 44 50 55 54 67 76 71 73 71 71 72 76 77 69 60 57 55 53 53 52 52 52 50 47 45 45 46 45 43 41 38 38 39 37 36 36 38 41 40 39 38 37 36 36 36 35 36 37 37 38 38 38 38 38 38 38 38 39 38 38 39 39 40 40 41
-9999 -9999 -9999 -9999 -9999 -9999 -9999 -9999 -9999 -9999 -9999 -9999 -9999 -9999 -9999 -9999 35 34 39 40 39 51 55 55 51 45 43 46 55 61 62 65 74 76 74 70 70 71 66 57 55 54 52 54 52 50 52 50 46 44 44 45 42 40 39 38 37 35 35 36 38 38 39 39 38 36 35 36 36 35 34 35 35 36 37 37 37 37 37 37 37 37 38 37 37 38 37 37 37 35
-9999 -9999 -9999 -9999 -9999 -9999 -9999 -9999 -9999 -9999 -9999 -9999 -9999 -9999 -9999 -9999 -9999 -9999 33 35 35 48 56 48 43 42 41 42 48 53 64 67 70 66 71 71 62 55 58 56 53 52 50 49 50 48 48 52 48 44 42 41 39 38 40 38 35 37 36 36 36 37 38 39 37 36 36 34 34 36 36 35 35 35 36 36 36 36 36 37 36 36 36 37 35 36 36 35 35 34
-9999 -9999 -9999 -9999 -9999 -9999 -9999 -9999 -9999 -9999 -9999 -9999 -9999 -9999 -9999 -9999 -9999 -9999 -9999 -9999 35 36 44 48 41 38 39 40 42 46 56 65 62 58 63 57 53 56 57 56 55 55 50 48 46 46 50 54 52 46 41 41 40 41 40 38 34 35 34 36 37 37 38 36 36 35 35 35 33 33 34 34 34 34 34 35 36 36 36 36 36 35 35 36 35 34 34 33 33 32
-9999 -9999 -9999 -9999 -9999 -9999 -9999 -9999 -9999 -9999 -9999 -9999 -9999 -9999 -9999 -9999 -9999 -9999 -9999 -9999 -9999 -9999 36 42 42 42 38 39 40 43 48 57 54 55 54 57 58 55 52 51 52 57 56 48 47 51 57 54 54 55 44 42 45 45 40 36 33 34 33 34 35 34 35 34 35 36 37 36 34 33 33 33 33 34 35 34 34 35 35 35 35 36 36 35 34 33 32 32 31 31
-9999 -9999 -9999 -9999 -9999 -9999 -9999 -9999 -9999 -9999 -9999 -9999 -9999 -9999 -9999 -9999 -9999 -9999 -9999 -9999 -9999 -9999 -9999 33 39 43 46 38 38 40 42 46 54 54 50 57 57 58 52 50 52 53 55 55 54 57 58 62 54 43 40 39 40 41 41 33 32 32 32 32 33 33 36 36 37 37 36 35 34 33 33 33 32 33 34 34 34 33 33 34 35 35 36 36 36 35 34 32 32 30
-9999 -9999 -9999 -9999 -9999 -9999 -9999 -9999 -9999 -9999 -9999 -9999 -9999 -9999 -9999 -9999 -9999 -9999 -9999 -9999 -9999 -9999 -9999 -9999 -9999 38 44 42 39 39 40 42 46 50 52 53 53 56 56 55 49 55 56 54 61 63 57 49 41 40 41 36 33 33 34 32 31 32 32 33 33 34 35 35 35 34 33 33 33 33 33 32 31 31 33 33 33 33 34 34 34 35 35 34 34 35 36 34 33 33
-9999 -9999 -9999 -9999 -9999 -9999 -9999 -9999 -9999 -9999 -9999 -9999 -9999 -9999 -9999 -9999 -9999 -9999 -9999 -9999 -9999 -9999 -9999 -9999 -9999 35 36 34 35 37 38 39 43 47 53 55 52 56 55 57 51 60 59 59 62 66 54 41 41 41 39 37 36 32 30 30 30 33 32 32 33 32 31 33 33 33 32 32 32 32 32 31 31 31 31 32 33 32 32 33 34 34 34 34 35 35 35 37 37 36
-9999 -9999 -9999 -9999 -9999 -9999 -9999 -9999 -9999 -9999 -9999 -9999 -9999 -9999 -9999 -9999 -9999 -9999 -9999 -9999 -9999 -9999 -9999 -9999 -9999 -9999 32 33 34 37 38 37 43 44 46 46 49 54 56 52 51 57 62 61 64 58 46 40 47 46 41 42 37 36 34 30 31 33 32 30 31 32 31 30 31 31 31 31 32 31 31 31 31 29 31 32 32 31 31 32 33 34 34 35 35 36 36 37 36 35
-9999 -9999 -9999 -9999 -9999 -9999 -9999 -9999 -9999 -9999 -9999 -9999 -9999 -9999 -9999 -9999 -9999 -9999 -9999 -9999 -9999 -9999 -9999 -9999 -9999 -9999 -9999 -9999 -9999 -9999 38 36 43 42 41 45 49 56 57 52 48 55 65 58 60 54 43 45 50 44 41 49 48 43 39 33 31 30 30 30 30 30 30 31 33 34 34 32 32 31 31 32 31 30 30 32 32 32 32 31 32 33 33 34 35 35 35 36 35 35
-9999 -9999 -9999 -9999 -9999 -9999 -9999 -9999 -9999 -9999 -9999 -9999 -9999 -9999 -9999 -9999 -9999 -9999 -9999 -9999 -9999 -9999 -9999 -9999 -9999 -9999 -9999 -9999 -9999 -9999 33 34 38 41 42 41 46 55 57 49 46 52 58 52 53 51 47 45 49 43 40 43 53 46 40 33 31 29 30 30 30 30 31 32 32 32 32 32 32 31 31 32 31 29 28 31 32 32 32 31 30 32 33 33 33 34 35 34 34 35
-9999 -9999 -9999 -9999 -9999 -9999 -9999 -9999 -9999 -9999 -9999 -9999 -9999 -9999 -9999 -9999 -9999 -9999 -9999 -9999 -9999 -9999 -9999 -9999 -9999 -9999 -9999 -9999 -9999 -9999 33 33 36 44 44 41 42 48 53 51 47 47 56 52 55 55 49 45 46 45 38 40 47 38 38 33 30 32 29 29 30 31 31 31 31 30 30 31 31 31 31 31 30 28 27 28 30 32 32 31 29 29 31 31 32 33 33 34 34 36
-9999 -9999 -9999 -9999 -9999 -9999 -9999 -9999 -9999 -9999 -9999 -9999 -9999 -9999 -9999 -9999 -9999 -9999 -9999 -9999 -9999 -9999 -9999 -9999 -9999 -9999 -9999 -9999 -9999 31 32 32 35 43 49 47 42 45 55 51 47 44 48 49 50 54 48 41 42 46 39 41 40 38 34 32 31 34 31 28 28 28 31 32 31 31 30 29 29 30 31 30 30 29 27 26 27 28 29 31 30 28 29 29 30 32 33 34 34 35
-9999 -9999 -9999 -9999 -9999 -9999 -9999 -9999 -9999 -9999 -9999 -9999 -9999 -9999 -9999 -9999 -9999 -9999 -9999 -9999 -9999 -9999 -9999 -9999 -9999 -9999 -9999 -9999 -9999 28 30 33 33 37 42 46 48 45 50 54 48 46 45 53 54 46 45 42 42 42 43 37 35 35 37 37 35 32 30 29 29 28 28 32 31 31 30 29 28 28 29 29 29 28 26 25 26 26 28 30 29 29 28 29 28 30 31 33 32 30
-9999 -9999 -9999 -9999 -9999 -9999 -9999 -9999 -9999 -9999 -9999 -9999 -9999 -9999 -9999 -9999 -9999 -9999 -9999 -9999 -9999 -9999 -9999 -9999 -9999 -9999 -9999 -9999 -9999 27 29 32 33 35 40 44 51 51 50 51 48 49 49 47 51 46 46 46 44 44 43 38 35 34 36 37 36 33 34 30 31 31 29 30 29 28 30 29 29 29 29 28 27 27 27 26 25 27 28 30 28 28 28 29 28 25 26 28 28 24
-9999 -9999 -9999 -9999 -9999 -9999 -9999 -9999 -9999 -9999 -9999 -9999 -9999 -9999 -9999 -9999 -9999 -9999 -9999 -9999 -9999 -9999 -9999 -9999 -9999 -9999 -9999 -9999 -9999 26 28 31 33 35 36 41 44 48 46 44 48 51 52 44 46 44 44 47 44 40 38 38 34 34 35 38 36 35 33 31 33 32 33 33 30 26 27 28 28 28 28 27 28 28 28 26 26 26 28 29 29 27 28 29 30 31 27 25 27 21
-9999 -9999 -9999 -9999 -9999 -9999 -9999 -9999 -9999 -9999 -9999 -9999 -9999 -9999 -9999 -9999 -9999 -9999 -9999 -9999 -9999 -9999 -9999 -9999 -9999 -9999 -9999 -9999 -9999 25 27 30 33 35 37 39 42 43 43 39 44 53 51 43 42 43 44 46 47 42 37 39 34 33 34 36 32 34 36 34 34 36 36 34 30 27 26 27 27 26 27 27 26 25 24 24 24 26 28 28 30 28 23 24 24 24 22 25 21 23
-9999 -9999 -9999 -9999 -9999 -9999 -9999 -9999 -9999 -9999 -9999 -9999 -9999 -9999 -9999 -9999 -9999 -9999 -9999 -9999 -9999 -9999 -9999 -9999 -9999 -9999 -9999 -9999 -9999 26 26 28 32 35 36 37 35 36 39 46 43 44 46 44 41 41 46 44 42 41 39 36 33 33 34 35 33 35 39 36 36 37 35 32 30 26 25 26 26 26 27 27 27 27 25 23 22 23 24 25 27 28 26 19 17 17 17 17 22 26
23 22 21 -9999 -9999 -9999 -9999 -9999 -9999 -9999 -9999 -9999 -9999 -9999 -9999 -9999 -9999 -9999 -9999 -9999 -9999 -9999 -9999 -9999 -9999 -9999 -9999 -9999 -9999 24 25 26 28 30 32 32 33 38 44 47 48 42 41 43 41 41 48 42 40 44 43 37 33 32 34 36 34 37 39 35 29 27 29 33 31 27 25 24 24 25 26 26 27 27 26 24 22 21 20 20 20 21 21 18 16 16 15 17 20 21
