RDATA/clipped/fe_buffer_bio17.asc
NCOLS 1344 
NROWS 672 
XLLCORNER -43 
YLLCORNER 25 
CELLSIZE 0.0833333333333333 
NODATA_value -9999 
[rows 312 to 350 of 672, columns 792 to 879 of 1344]
99 99 98 99 99 99 99 98 100 99 99 99 99 99 99 98 98 97 97 98 98 99 101 102 105 105 107 109 111 110 109 109 109 109 109 109 109 106 106 106 107 106 105 105 106 104 102 102 102 102 102 103 103 103 103 105 105 105 105 107 107 108 109 111 110 111 112 113 112 111 111 110 109 108 107 107 107 107 106 106 105 105 107 105 104 104 104 104
97 97 96 96 97 97 98 98 99 99 100 99 99 99 99 99 99 99 100 100 101 101 102 105 108 109 111 111 110 109 110 110 109 109 108 109 109 106 106 105 105 107 106 106 103 103 103 102 103 103 103 103 103 103 105 106 106 107 107 107 107 110 109 111 111 111 112 112 112 111 111 110 109 108 107 107 107 106 106 106 105 105 104 104 104 104 104 101
94 95 95 95 94 96 96 98 98 99 99 99 99 99 99 101 100 101 102 102 104 104 105 107 111 112 113 112 112 112 112 112 112 112 109 109 109 107 106 105 105 105 105 106 103 103 104 104 104 103 103 103 104 104 106 106 106 107 107 108 110 110 109 111 110 111 111 111 111 111 112 112 112 109 107 107 107 107 107 108 107 107 104 104 104 104 104 102
93 93 92 92 93 94 94 95 97 98 98 99 99 99 101 101 104 104 105 103 107 109 108 111 112 113 113 112 114 113 112 112 113 115 112 109 109 107 106 105 105 106 106 104 104 104 104 104 104 105 105 105 106 106 106 106 106 109 109 109 110 109 109 110 110 110 111 111 111 112 112 112 109 109 107 107 107 108 107 108 107 107 104 105 105 104 104 102
92 91 91 91 91 91 94 94 95 98 98 98 98 100 101 101 104 107 107 107 108 109 111 113 114 115 115 115 116 116 114 114 112 112 111 109 109 107 107 107 106 106 106 104 104 104 104 105 106 106 106 106 106 106 106 106 107 109 109 110 110 110 110 109 110 110 110 112 111 111 110 110 110 108 108 108 108 108 107 107 107 108 105 105 104 104 104 101
91 91 91 91 91 91 91 93 94 95 95 97 98 100 101 101 103 104 105 107 109 111 112 113 115 116 115 115 116 117 117 117 115 114 114 113 110 107 107 107 106 106 106 104 104 104 104 104 106 106 106 106 106 106 108 109 108 109 110 111 110 110 110 109 109 109 110 110 110 110 110 110 109 108 108 108 108 107 107 107 106 107 106 104 104 103 102 101
94 91 91 89 88 89 89 91 91 93 94 96 97 100 103 103 104 106 106 107 109 111 111 112 113 114 115 115 116 116 116 114 114 114 113 111 110 110 110 108 106 106 105 104 104 104 104 104 105 106 106 107 107 109 110 109 109 109 111 112 110 108 110 109 108 109 110 110 110 110 109 108 108 108 108 108 107 107 107 106 106 105 104 104 103 101 101 99
91 90 88 88 88 88 89 90 91 92 94 97 97 100 103 103 103 106 106 108 110 110 111 112 114 115 115 116 116 116 117 114 114 114 112 113 112 110 111 111 111 108 105 104 104 104 104 105 106 106 106 108 109 109 110 111 111 109 110 111 110 107 107 107 108 108 108 108 108 108 108 108 108 108 107 106 106 106 106 106 104 104 103 103 103 101 101 98
93 92 89 89 88 87 87 90 90 92 95 97 97 100 101 103 104 106 107 108 109 110 112 113 114 114 114 114 115 114 116 116 115 115 112 112 113 112 110 111 111 111 110 109 107 107 106 106 106 106 107 109 111 113 113 113 111 111 111 111 108 107 107 107 107 108 107 108 108 108 108 106 107 106 106 106 106 105 105 105 103 103 103 103 102 101 98 98
92 90 88 87 86 86 87 89 90 93 94 94 97 100 100 103 104 105 107 109 111 112 112 112 114 115 115 115 115 114 114 113 113 112 112 112 110 111 109 108 108 107 107 107 107 107 107 108 111 110 109 110 111 113 116 116 114 111 109 108 107 107 105 105 105 105 105 105 105 105 105 105 105 105 105 105 105 104 103 103 103 103 103 100 100 100 98 98
89 88 87 87 86 86 86 89 90 92 94 97 97 98 100 101 103 105 107 109 110 111 112 112 113 114 115 115 113 113 113 113 111 110 110 109 109 108 108 108 105 108 109 109 109 108 108 111 111 111 111 112 113 114 116 114 113 112 109 107 105 104 104 104 104 104 104 104 103 105 103 103 105 103 103 103 103 103 103 103 103 101 100 100 100 100 98 98
88 88 87 87 87 87 89 89 91 91 94 95 97 98 101 103 104 106 107 107 110 111 111 111 111 112 114 114 113 113 113 110 110 110 109 109 107 107 106 105 105 105 105 106 108 108 108 110 112 114 113 113 113 113 113 113 113 111 108 107 104 104 102 102 102 102 102 102 102 102 102 102 102 102 103 103 103 103 103 103 100 100 100 100 100 98 98 98
88 88 88 87 87 88 89 90 91 91 94 96 97 100 100 103 104 105 107 107 110 110 110 111 112 111 114 114 113 113 111 110 110 110 109 108 106 106 105 105 105 105 105 106 106 107 108 108 111 111 113 112 112 113 113 113 113 111 108 106 104 104 102 101 101 102 101 101 102 102 102 102 102 101 102 102 102 102 100 100 100 100 100 100 99 97 97 95
88 88 88 88 88 89 90 90 91 92 94 97 98 100 100 102 103 105 107 107 110 110 111 111 111 112 113 113 111 111 110 109 109 108 108 106 106 106 105 105 105 105 105 106 107 108 111 111 113 112 112 113 113 113 113 111 111 108 105 104 102 101 101 99 99 99 99 99 99 99 99 99 100 100 100 100 100 100 100 100 100 100 100 99 97 97 96 95
88 89 88 88 88 90 90 93 95 94 95 97 98 99 101 102 103 105 107 108 109 110 110 110 112 112 112 111 111 110 109 109 109 108 108 106 105 104 104 104 104 105 105 106 106 108 109 111 111 111 111 111 111 111 111 110 108 105 103 101 99 99 97 96 97 98 99 99 99 99 99 99 99 99 99 100 100 100 100 100 100 98 98 97 97 96 95 94
88 89 89 89 90 91 91 95 95 95 96 98 98 98 101 102 103 105 107 108 109 110 111 111 111 112 112 112 110 110 110 110 110 110 111 108 105 104 104 104 103 104 105 106 106 106 106 107 108 108 108 108 108 108 108 107 105 103 101 99 96 96 95 95 96 96 96 97 97 97 98 98 98 98 98 98 99 99 98 98 98 97 97 97 96 96 95 94
88 89 92 92 92 92 94 95 95 96 98 98 99 99 100 101 103 105 106 108 110 112 112 111 111 111 111 111 110 110 110 110 112 113 111 108 106 104 102 102 103 102 103 103 103 104 105 106 105 106 105 106 106 106 105 104 103 101 98 96 94 92 92 93 93 95 95 96 96 96 96 96 97 98 98 98 98 98 98 98 97 97 97 96 96 96 95 94
89 91 91 94 93 93 95 96 97 99 99 99 99 99 100 101 102 104 105 107 109 109 111 111 111 111 111 111 111 110 110 110 112 113 110 108 106 103 101 101 101 101 102 103 103 103 103 104 104 104 104 104 104 104 104 102 101 99 96 94 92 89 91 92 92 93 94 95 96 96 96 96 96 96 97 97 97 97 97 97 97 97 96 96 96 96 94 94
91 91 92 94 94 95 95 95 98 98 98 97 97 99 100 100 102 103 105 106 106 109 109 110 111 111 112 114 113 112 110 110 109 109 108 106 104 101 101 101 101 101 103 102 101 102 103 102 103 103 103 103 103 102 102 101 99 97 95 93 92 89 89 92 92 92 93 94 95 96 96 95 96 96 96 96 96 97 97 97 97 96 96 96 96 96 94 94
92 92 94 94 94 94 96 97 97 97 96 97 98 99 101 102 103 103 104 106 106 107 109 110 110 112 112 113 114 114 112 110 109 107 106 106 103 101 101 101 100 101 101 102 102 101 102 102 101 101 102 102 101 101 100 99 99 96 95 92 92 91 90 92 92 92 93 93 94 94 96 96 95 95 95 95 96 97 97 97 96 96 96 96 96 95 95 94
93 93 93 95 95 95 96 96 97 97 97 100 101 101 101 103 103 104 107 107 106 107 109 110 110 112 112 114 115 113 112 109 108 106 104 103 101 101 101 100 100 100 99 100 102 101 101 101 100 101 100 100 100 100 99 98 97 95 95 92 92 92 91 92 92 92 92 93 94 94 94 94 95 95 95 95 96 96 96 96 96 96 96 96 96 95 95 95
92 93 93 93 95 94 95 96 96 96 97 99 100 101 101 103 104 104 107 107 107 107 110 111 111 112 113 113 114 112 110 109 107 105 102 101 99 99 98 99 99 99 99 99 99 99 99 100 100 102 102 100 100 99 98 97 95 95 95 95 92 92 92 92 92 92 92 92 94 94 94 94 94 95 95 95 96 95 96 96 96 96 95 95 95 95 95 95
91 92 93 95 96 94 95 95 96 98 98 98 99 101 101 101 103 105 107 107 109 109 108 113 112 113 114 113 114 112 110 109 105 104 101 98 98 98 98 98 98 99 99 99 99 99 100 99 100 99 99 98 98 98 97 96 95 95 95 95 92 92 92 92 92 92 92 93 94 94 94 94 95 95 95 95 95 95 96 96 95 95 95 95 95 95 95 95
91 92 94 94 94 95 95 94 95 97 98 98 99 100 101 103 104 105 105 107 107 108 108 110 111 112 113 113 111 112 109 107 104 103 99 98 98 96 97 97 98 98 99 98 98 98 98 98 98 98 98 98 98 98 96 95 95 95 94 93 93 92 92 92 93 93 93 95 94 94 94 95 94 94 95 94 95 96 95 95 95 95 95 95 95 95 95 95
91 91 92 94 94 93 93 95 95 96 96 98 99 99 100 103 103 104 105 105 106 107 107 108 110 110 111 111 111 109 106 104 104 102 99 97 97 97 97 97 97 97 97 98 98 98 98 97 97 98 97 97 97 96 96 95 95 94 94 94 93 93 93 94 94 94 93 93 93 94 94 95 95 94 94 95 94 95 95 95 95 95 95 95 95 95 95 94
89 89 92 92 92 93 93 94 94 96 96 97 97 99 99 101 102 103 103 105 105 106 105 108 108 109 109 108 109 107 104 104 102 99 98 97 96 96 95 95 95 95 95 95 95 96 96 96 97 97 97 97 97 96 96 94 94 94 94 94 94 94 94 94 93 94 93 94 94 94 95 95 96 95 95 95 95 96 96 96 96 96 96 96 95 94 97 95
89 90 90 91 92 93 93 94 94 94 96 96 97 97 98 99 100 100 102 103 105 106 106 106 108 107 107 107 105 104 103 101 99 99 97 96 96 95 95 94 95 94 95 96 95 94 94 97 97 96 97 96 96 96 95 94 94 94 94 94 94 94 94 94 94 94 94 94 94 94 95 96 96 96 96 96 96 96 96 96 96 97 97 97 97 96 96 96
90 90 90 91 91 91 92 93 94 94 95 96 96 97 97 99 99 100 100 102 102 104 105 106 105 105 105 105 103 102 102 101 98 97 97 96 95 95 94 94 94 94 94 94 94 94 94 94 95 95 95 95 95 95 95 95 94 94 94 94 94 94 94 94 94 94 94 95 95 95 96 96 96 96 96 96 96 97 97 97 97 97 97 97 97 96 96 97
88 88 89 90 91 91 91 92 92 93 94 95 95 96 97 97 98 99 100 100 100 102 102 103 103 103 103 103 102 101 100 99 98 96 96 95 95 94 93 93 94 93 93 93 94 94 94 95 95 95 95 95 95 95 95 95 95 95 95 95 94 94 94 94 95 95 95 95 95 95 95 96 96 96 97 97 97 97 97 97 97 96 96 96 96 96 96 96
88 88 90 89 89 91 90 90 92 92 93 94 95 95 95 97 97 98 99 100 100 100 101 101 101 101 101 100 100 100 99 98 96 96 94 94 94 93 92 93 93 93 93 93 93 93 93 94 94 94 95 95 95 95 95 95 95 95 95 95 95 95 96 95 95 95 95 95 95 95 95 97 98 97 98 98 98 98 98 97 97 97 97 98 97 98 98 96
88 89 89 88 89 89 89 90 90 91 91 93 93 94 95 95 96 97 98 98 98 99 100 100 100 100 99 98 98 98 98 96 95 95 94 93 93 91 92 92 92 92 92 93 93 93 93 94 94 94 94 95 95 96 96 95 94 94 95 95 95 96 96 96 96 95 95 97 97 97 97 97 97 98 98 98 98 99 99 98 98 98 98 99 99 99 99 98
88 89 88 87 87 87 87 87 89 89 90 92 93 93 94 95 95 95 96 97 98 98 98 99 99 99 98 98 98 96 96 95 95 94 93 93 92 92 90 92 92 92 92 92 92 92 94 94 94 94 94 95 95 95 95 95 95 95 95 95 96 96 97 97 97 97 97 97 97 97 97 97 97 98 97 97 99 100 100 98 98 98 98 98 100 98 99 99
86 86 86 86 85 85 85 85 87 88 89 89 90 91 91 92 94 95 95 96 96 97 98 98 98 98 98 97 96 96 96 95 93 93 92 91 90 90 90 91 91 91 91 92 92 93 93 93 95 95 95 95 95 95 95 95 95 95 95 95 97 97 97 97 97 97 97 97 97 97 97 97 99 97 99 99 100 100 100 99 100 100 100 100 99 99 99 99
87 87 85 84 83 81 82 84 86 87 89 89 89 89 91 91 92 93 95 95 95 96 96 96 97 97 96 96 96 96 94 94 94 93 92 91 89 89 89 90 91 91 91 91 92 93 93 94 94 94 95 95 95 95 95 95 95 96 96 96 97 97 97 97 97 97 97 97 97 97 98 98 99 99 99 100 99 99 100 100 100 100 100 100 101 100 100 101
86 86 85 83 82 80 80 81 84 85 85 87 88 89 90 91 91 92 94 94 95 95 95 96 96 96 95 94 94 94 94 94 92 91 91 90 90 89 90 90 90 91 91 92 92 93 94 94 94 94 94 94 95 95 95 95 96 96 96 96 96 97 97 97 97 98 98 98 98 99 99 99 99 99 99 99 99 100 101 102 101 101 101 101 102 102 102 102
87 87 84 82 81 78 76 77 80 83 85 86 86 88 89 90 91 91 93 93 93 94 94 94 94 95 94 94 94 94 92 92 92 90 90 90 90 88 90 90 90 90 92 92 92 93 94 94 94 94 94 95 96 96 96 96 96 96 96 96 96 96 97 98 98 99 99 99 100 101 101 102 101 102 102 101 101 101 101 102 101 101 102 102 102 102 102 102
86 86 84 81 79 77 76 77 79 82 84 85 86 87 89 89 90 91 92 93 93 93 94 94 94 94 94 93 92 92 92 92 92 91 90 90 89 88 90 90 91 91 91 92 93 93 95 95 95 95 95 95 95 96 96 96 96 96 96 96 96 99 99 99 99 99 99 101 101 102 102 102 102 102 103 103 103 101 102 102 101 101 102 103 104 103 103 103
84 83 83 81 79 77 78 77 80 81 84 84 85 87 88 89 89 90 92 92 92 93 93 93 94 94 93 93 92 92 92 91 91 91 90 90 88 90 91 91 91 91 93 93 94 94 94 95 95 95 95 95 95 96 96 97 97 98 99 99 99 99 99 99 99 99 100 102 102 102 103 103 103 103 103 103 103 103 101 103 103 104 104 104 104 104 104 104
81 81 81 81 80 79 78 77 80 81 82 83 85 87 88 88 89 91 91 92 92 92 93 93 93 92 92 92 92 91 90 90 90 90 90 90 91 90 91 91 91 93 94 94 94 94 94 95 95 96 96 96 96 97 97 97 98 98 99 99 99 99 99 100 100 100 101 102 102 103 103 103 103 103 103 103 103 103 103 103 104 104 104 104 104 104 104 104
