RDATA/clipped/fe_buffer_bio15.asc
NCOLS 1344 
NROWS 672 
XLLCORNER -43 
YLLCORNER 25 
CELLSIZE 0.0833333333333333 
NODATA_value -9999 
[rows 440 to 479 of 672, columns 450 to 539 of 1344]
-9999 -9999 -9999 -9999 -9999 -9999 -9999 -9999 -9999 -9999 -9999 -9999 -9999 -9999 -9999 -9999 -9999 -9999 -9999 -9999 -9999 -9999 -9999 -9999 -9999 -9999 -9999 -9999 -9999 -9999 -9999 -9999 -9999 -9999 -9999 -9999 -9999 -9999 -9999 -9999 -9999 -9999 -9999 -9999 -9999 -9999 -9999 -9999 -9999 -9999 23 23 22 22 21 21 20 20 19 18 18 17 17 16 15 15 15 14 14 13 13 13 13 13 12 12 12 12 11 12 11 11 11 12 11 11 12 12 12 12
-9999 -9999 -9999 -9999 -9999 -9999 -9999 -9999 -9999 -9999 -9999 -9999 -9999 -9999 -9999 -9999 -9999 -9999 -9999 -9999 -9999 -9999 -9999 -9999 -9999 -9999 -9999 -9999 -9999 -9999 -9999 -9999 -9999 -9999 -9999 -9999 -9999 -9999 -9999 -9999 -9999 -9999 -9999 -9999 -9999 -9999 -9999 -9999 -9999 -9999 23 23 22 22 21 21 20 20 19 18 18 17 16 16 15 15 14 14 14 13 13 13 13 12 13 12 12 12 12 11 11 11 11 12 11 12 12 12 12 12
-9999 -9999 -9999 -9999 -9999 -9999 -9999 -9999 -9999 -9999 -9999 -9999 -9999 -9999 -9999 -9999 -9999 -9999 -9999 -9999 -9999 -9999 -9999 -9999 -9999 -9999 -9999 -9999 -9999 -9999 -9999 -9999 -9999 -9999 -9999 -9999 -9999 -9999 -9999 -9999 -9999 -9999 -9999 -9999 -9999 -9999 -9999 -9999 -9999 -9999 23 23 22 22 21 21 20 20 19 18 18 17 16 16 15 15 14 14 13 13 13 13 12 12 12 12 12 12 12 11 11 11 11 12 12 12 12 12 13 13
-9999 -9999 -9999 -9999 -9999 -9999 -9999 -9999 -9999 -9999 -9999 -9999 -9999 -9999 -9999 -9999 -9999 -9999 -9999 -9999 -9999 -9999 -9999 -9999 -9999 -9999 -9999 -9999 -9999 -9999 -9999 -9999 -9999 -9999 -9999 -9999 -9999 -9999 -9999 -9999 -9999 -9999 -9999 -9999 -9999 -9999 -9999 -9999 -9999 23 23 23 22 22 21 21 20 19 19 18 18 17 16 16 15 15 14 14 13 13 13 13 12 13 12 12 12 12 11 11 11 11 11 12 12 12 12 13 13 13
-9999 -9999 -9999 -9999 -9999 -9999 -9999 -9999 -9999 -9999 -9999 -9999 -9999 -9999 -9999 -9999 -9999 -9999 -9999 -9999 -9999 -9999 -9999 -9999 -9999 -9999 -9999 -9999 -9999 -9999 -9999 -9999 -9999 -9999 -9999 -9999 -9999 -9999 -9999 -9999 -9999 -9999 -9999 -9999 -9999 -9999 -9999 -9999 -9999 23 23 23 22 22 22 21 20 20 19 18 18 17 16 16 15 15 14 13 13 13 12 12 12 12 12 12 11 12 11 11 12 11 12 12 12 12 13 13 13 13
-9999 -9999 -9999 -9999 -9999 -9999 -9999 -9999 -9999 -9999 -9999 -9999 -9999 -9999 -9999 -9999 -9999 -9999 -9999 -9999 -9999 -9999 -9999 -9999 -9999 -9999 -9999 -9999 -9999 -9999 -9999 -9999 -9999 -9999 -9999 -9999 -9999 -9999 -9999 -9999 -9999 -9999 -9999 -9999 -9999 -9999 -9999 -9999 -9999 24 23 23 22 22 22 21 21 20 19 19 18 17 16 16 15 14 14 13 13 13 12 12 12 12 12 11 12 12 11 12 12 11 12 12 12 12 13 13 13 14
-9999 -9999 -9999 -9999 -9999 -9999 -9999 -9999 -9999 -9999 -9999 -9999 -9999 -9999 -9999 -9999 -9999 -9999 -9999 -9999 -9999 -9999 -9999 -9999 -9999 -9999 -9999 -9999 -9999 -9999 -9999 -9999 -9999 -9999 -9999 -9999 -9999 -9999 -9999 -9999 -9999 -9999 -9999 -9999 -9999 -9999 -9999 -9999 24 23 23 23 23 23 22 22 20 20 19 18 18 17 16 15 15 14 13 13 13 12 12 12 12 12 11 11 12 12 11 12 11 12 12 12 12 13 13 13 14 14
-9999 -9999 -9999 -9999 -9999 -9999 -9999 -9999 -9999 -9999 -9999 -9999 -9999 -9999 -9999 -9999 -9999 -9999 -9999 -9999 -9999 -9999 -9999 -9999 -9999 -9999 -9999 -9999 -9999 -9999 -9999 -9999 -9999 -9999 -9999 -9999 -9999 -9999 -9999 -9999 -9999 -9999 -9999 -9999 -9999 -9999 -9999 -9999 23 23 23 23 23 23 22 21 20 20 19 18 17 16 16 15 15 14 13 13 12 12 12 12 12 11 11 12 11 11 12 12 12 12 12 12 13 13 13 13 14 15
-9999 -9999 -9999 -9999 -9999 -9999 -9999 -9999 -9999 -9999 -9999 -9999 -9999 -9999 -9999 -9999 -9999 -9999 -9999 -9999 -9999 -9999 -9999 -9999 -9999 -9999 -9999 -9999 -9999 -9999 -9999 -9999 -9999 -9999 -9999 -9999 -9999 -9999 -9999 -9999 -9999 -9999 -9999 -9999 -9999 -9999 -9999 -9999 23 24 23 23 23 23 22 21 21 20 19 18 17 17 15 15 14 14 13 13 12 12 12 12 11 11 11 11 12 12 12 12 12 12 13 13 13 13 13 14 14 15
28 28 28 -9999 -9999 -9999 -9999 -9999 -9999 -9999 -9999 -9999 -9999 -9999 -9999 -9999 -9999 -9999 -9999 -9999 -9999 -9999 30 30 -9999 -9999 -9999 -9999 -9999 -9999 -9999 -9999 -9999 -9999 -9999 -9999 -9999 -9999 -9999 -9999 -9999 -9999 -9999 -9999 -9999 -9999 -9999 23 24 23 23 23 23 22 22 21 20 19 18 18 17 16 15 15 14 13 13 13 12 12 12 12 12 12 12 11 12 12 12 12 12 12 13 13 13 13 14 14 15 15
28 27 27 27 28 28 28 28 29 29 -9999 -9999 -9999 -9999 -9999 -9999 30 30 30 30 30 30 30 29 29 -9999 -9999 -9999 -9999 -9999 30 29 28 29 -9999 -9999 -9999 -9999 -9999 -9999 -9999 -9999 -9999 -9999 -9999 -9999 23 23 23 23 23 23 22 22 22 21 20 19 18 17 17 16 15 14 14 13 13 13 12 12 12 12 12 11 12 12 12 12 12 12 13 13 13 13 13 14 14 14 15 16
28 27 27 28 28 27 27 27 25 27 27 29 29 29 29 29 29 29 30 30 30 30 29 29 29 28 28 30 30 31 31 30 28 27 26 26 25 -9999 -9999 -9999 -9999 -9999 23 22 23 23 23 23 23 23 22 22 22 22 21 20 19 18 18 17 16 16 15 14 13 13 13 12 12 12 12 12 11 12 12 12 12 12 13 13 13 13 13 13 13 14 14 14 15 16
27 27 26 26 27 25 25 25 26 25 26 26 27 27 27 27 27 28 28 28 27 26 26 27 27 26 27 26 28 28 31 29 28 27 26 24 24 23 23 23 23 23 23 22 22 22 22 22 21 22 21 22 22 21 20 20 19 18 17 17 16 15 15 14 13 13 13 12 12 12 12 12 12 12 12 13 13 13 12 13 13 13 13 13 13 14 14 15 15 16
26 26 25 25 25 24 22 22 22 22 24 24 24 25 26 25 26 26 26 26 25 23 22 24 25 25 25 26 27 27 26 28 27 26 24 23 23 22 22 22 22 22 22 22 21 22 22 21 21 21 22 21 21 20 20 19 19 18 17 16 16 15 15 14 13 13 12 12 12 12 12 12 12 12 12 13 13 13 13 13 13 13 14 13 13 14 14 14 14 15
26 25 25 25 24 24 23 22 22 24 25 24 22 23 23 23 23 25 23 24 24 21 20 21 22 23 25 25 26 26 26 26 25 22 23 23 22 21 21 21 21 21 21 21 21 22 22 22 21 21 20 21 20 17 18 19 18 17 16 15 15 14 14 13 13 13 12 12 12 12 12 12 12 13 13 13 13 13 14 14 14 14 14 14 14 14 14 14 14 14
25 24 24 24 24 24 23 23 22 22 22 22 22 21 21 22 22 23 22 22 22 22 22 22 22 22 22 21 22 24 24 21 19 21 20 21 21 20 20 21 21 20 21 20 21 21 20 19 19 19 18 18 17 16 17 17 16 15 15 13 13 13 13 12 12 12 12 12 12 12 13 13 13 13 13 13 14 14 14 15 15 15 15 14 14 14 14 14 14 14
25 25 26 25 24 24 24 23 22 21 22 22 22 21 21 22 22 22 22 22 22 22 22 23 22 22 21 21 21 21 21 21 20 20 20 19 19 18 19 19 19 19 19 21 21 22 22 21 20 19 18 18 17 15 15 14 14 13 14 13 13 12 12 13 12 12 12 12 12 12 13 13 13 13 13 13 14 15 15 15 15 15 15 15 16 15 15 15 14 14
26 27 26 25 25 24 24 23 23 22 22 22 22 22 22 22 22 22 22 22 22 22 21 21 22 21 21 20 20 20 19 19 20 20 20 19 18 18 18 19 19 19 18 20 23 23 23 22 20 20 19 17 17 16 15 14 13 13 13 13 12 13 12 12 12 12 12 12 12 12 13 13 13 13 14 13 13 14 14 15 16 16 16 14 16 16 15 15 15 15
28 28 27 26 26 25 25 24 24 24 23 23 23 22 23 22 22 22 22 21 22 21 20 21 21 21 21 21 20 21 19 20 19 19 19 18 18 18 18 18 18 18 19 20 23 25 25 23 23 22 20 19 18 17 16 15 14 13 13 13 13 13 12 12 12 12 13 12 12 13 13 13 13 14 13 13 12 12 12 13 15 15 14 14 16 16 16 14 14 14
30 29 28 27 26 26 25 25 24 23 23 23 23 23 23 22 22 21 21 21 21 21 20 21 21 20 20 20 19 21 20 20 19 18 18 17 18 18 17 18 18 19 21 21 22 22 23 22 21 21 22 19 18 17 17 16 15 15 14 13 13 13 13 12 13 12 12 12 12 12 12 12 12 13 13 14 13 13 12 13 12 12 12 13 13 13 14 15 15 13
31 29 28 27 27 26 25 25 25 24 24 23 23 23 23 22 22 22 22 21 21 21 20 21 21 21 20 20 19 19 19 20 18 18 17 17 17 18 17 18 18 19 20 21 22 23 22 20 20 21 21 19 18 18 17 17 16 15 15 15 14 14 14 13 13 13 13 13 14 13 13 12 13 12 12 12 12 12 13 15 13 13 12 12 12 12 12 12 12 12
31 30 30 28 28 27 26 25 25 25 24 24 23 23 23 23 23 22 22 21 21 21 21 21 20 20 20 20 19 20 19 19 19 19 19 18 18 19 18 19 19 19 20 21 22 23 23 21 22 22 21 20 19 17 16 17 17 15 16 15 15 15 14 14 14 14 14 15 14 13 13 14 13 13 13 13 13 12 12 15 16 15 12 13 14 12 12 12 12 12
31 30 30 28 28 27 26 26 26 26 25 25 24 24 24 23 24 22 22 22 21 21 21 21 20 20 20 20 20 19 19 19 19 19 19 19 20 20 21 20 20 20 20 21 22 22 23 22 22 22 20 19 18 18 17 16 17 16 16 16 16 16 15 15 15 15 15 16 15 15 15 15 14 15 16 15 13 13 13 16 15 14 14 17 13 12 12 13 16 17
31 31 30 28 28 27 27 26 26 26 26 25 24 25 24 24 23 23 22 22 22 22 21 21 20 20 20 20 19 19 19 18 19 19 18 19 20 20 20 20 20 20 21 21 22 22 22 22 22 22 21 19 19 18 17 17 17 17 17 17 16 16 16 16 16 16 17 17 17 17 16 16 15 15 16 16 16 17 16 18 14 16 20 21 18 17 18 19 18 15
31 30 29 29 28 28 27 27 27 26 27 27 26 26 25 25 24 23 23 22 22 22 22 21 21 20 20 19 19 19 18 18 19 18 18 18 18 18 18 19 20 21 22 21 22 22 22 22 22 22 21 21 20 19 19 18 18 18 18 17 17 17 16 16 16 17 17 18 18 17 18 17 17 17 18 17 17 19 20 16 16 18 24 20 16 14 14 16 15 15
31 30 29 29 28 28 28 28 27 27 27 27 26 26 25 25 24 25 24 23 23 22 22 21 21 20 19 19 19 18 18 18 18 18 18 18 18 18 19 19 20 21 22 22 22 22 22 23 23 23 22 22 21 20 20 20 19 20 20 21 21 21 20 20 20 19 19 19 20 19 19 19 18 18 19 18 20 21 19 16 19 22 22 17 15 15 16 17 22 19
31 31 30 29 29 28 28 28 28 28 28 28 27 27 26 25 26 25 24 24 24 23 22 22 21 21 20 20 20 19 19 19 18 18 18 18 18 18 18 18 19 20 21 22 23 23 23 23 23 23 23 22 22 22 21 21 21 21 21 22 23 23 23 23 23 22 21 21 21 20 20 19 19 19 20 19 21 22 22 20 20 23 21 19 18 22 20 18 26 25
31 31 30 29 29 28 28 28 28 28 28 28 28 28 27 26 25 25 25 25 24 24 23 22 22 22 21 20 20 19 19 18 18 18 18 18 18 18 18 19 19 21 22 23 23 24 24 24 24 24 23 24 23 23 23 22 22 22 23 24 24 25 25 25 24 23 23 23 23 20 20 20 20 21 20 19 22 20 21 22 24 26 26 26 25 25 24 27 29 29
31 30 30 30 29 29 29 29 29 29 29 30 29 29 27 27 26 25 25 25 24 23 24 23 22 21 22 21 21 20 20 19 19 18 18 18 19 18 18 19 19 21 22 23 23 25 25 25 25 26 25 25 25 24 23 23 22 24 24 24 25 26 26 26 25 25 25 24 24 24 23 22 22 22 21 22 23 22 24 25 25 25 26 25 26 27 27 27 28 29
31 31 31 30 30 29 28 28 29 28 29 29 29 28 28 27 27 26 26 25 25 24 24 24 23 22 22 22 21 21 20 20 19 19 20 19 19 20 19 19 20 21 21 22 24 24 25 26 27 27 27 27 26 26 25 24 25 24 24 25 26 25 26 26 26 26 26 27 26 25 25 24 24 23 23 24 24 25 25 25 25 26 26 25 25 26 27 27 27 27
32 31 30 30 30 29 29 29 28 29 29 29 29 28 28 28 27 27 26 26 25 25 24 24 23 23 23 22 21 22 21 21 20 20 20 20 20 20 20 20 21 21 21 20 21 24 26 26 28 28 29 29 28 28 27 25 25 25 26 26 26 27 28 27 27 27 27 27 26 26 27 26 26 26 26 27 26 26 26 26 26 26 25 25 25 25 25 27 26 26
32 31 31 30 30 29 29 29 29 30 29 29 29 29 28 28 28 27 26 27 26 26 25 25 25 24 23 23 23 22 22 22 21 20 20 20 20 20 21 21 21 22 22 21 21 23 25 27 29 30 31 31 32 30 28 26 27 27 27 27 27 27 28 28 28 28 28 28 28 28 28 26 27 27 27 27 27 27 26 26 26 26 25 24 24 25 25 26 26 25
32 32 31 31 30 29 29 29 29 29 29 29 30 29 29 29 29 28 28 27 27 27 26 26 25 25 24 24 23 23 22 22 22 22 21 21 21 21 22 22 22 23 23 23 24 26 27 29 30 31 32 32 30 31 28 27 27 27 28 29 29 28 28 29 28 28 29 29 29 29 29 28 28 28 28 28 28 27 27 27 25 25 24 24 25 25 24 24 25 23
32 32 32 31 31 30 30 30 30 29 30 30 29 29 29 29 28 28 27 27 27 26 26 25 25 25 24 24 25 23 23 23 23 22 21 21 22 21 22 23 23 23 24 25 26 26 29 30 31 31 33 32 31 30 30 29 28 29 29 29 29 30 29 29 29 30 29 29 29 30 30 30 30 29 29 28 28 27 27 25 24 23 23 24 25 25 25 26 27 26
32 31 31 31 30 30 30 29 30 29 30 29 29 29 28 29 29 28 28 28 26 27 26 27 25 25 25 25 24 24 24 23 23 23 22 23 22 22 23 24 25 24 25 26 28 28 29 32 32 33 33 33 32 32 31 31 31 31 31 30 30 30 31 30 31 30 30 30 30 30 33 31 30 29 28 27 27 26 26 26 26 25 25 23 24 25 27 28 27 29
33 32 32 31 30 30 31 30 30 30 30 30 30 30 30 29 29 29 28 28 27 27 27 27 26 26 25 24 24 24 23 23 23 22 22 22 23 23 24 25 25 26 27 27 30 31 32 31 31 32 34 34 34 33 32 32 31 31 31 31 31 32 31 31 31 31 32 31 31 32 31 30 29 29 27 26 26 25 25 26 28 27 27 24 25 27 27 27 26 28
33 32 31 31 31 30 30 31 30 31 30 30 30 30 30 30 29 29 29 28 28 28 28 27 25 25 24 24 24 23 24 23 23 23 23 23 23 24 25 26 26 28 28 29 30 32 33 32 33 32 34 34 34 34 33 33 33 32 32 32 32 33 33 33 33 34 34 33 32 31 32 32 32 31 29 26 25 24 23 26 31 30 29 28 29 30 29 30 28 30
32 32 31 30 31 30 30 31 31 31 30 30 30 31 31 30 30 29 29 29 28 28 28 26 24 23 24 24 24 23 25 24 24 24 23 23 23 24 24 25 26 27 28 29 30 30 32 33 34 34 34 34 33 35 35 33 34 33 32 32 33 33 34 33 34 34 34 33 33 34 33 32 35 34 31 31 29 28 30 31 34 33 32 30 32 31 32 33 31 -9999
33 32 32 31 31 30 30 31 31 31 31 31 30 30 30 30 31 30 28 29 28 28 26 24 25 26 24 25 24 24 24 24 25 24 24 24 24 24 24 24 24 26 27 28 30 30 31 33 35 35 35 35 34 36 35 35 33 33 33 33 33 32 33 32 33 33 33 33 34 32 31 31 34 36 36 33 29 34 36 36 36 36 35 34 -9999 -9999 -9999 -9999 -9999 -9999
32 31 31 31 31 31 31 32 31 31 31 32 31 31 31 31 30 30 29 28 27 27 28 28 26 26 27 27 25 27 26 26 25 25 25 24 24 24 24 24 25 25 26 27 29 30 32 32 34 37 36 34 32 33 35 35 34 34 34 33 32 32 32 33 33 32 31 32 33 32 32 33 35 39 34 31 34 39 39 38 37 -9999 -9999 -9999 -9999 -9999 -9999 -9999 -9999 -9999
