RDATA/clipped/fe_buffer_bio15.asc
NCOLS 1344 
NROWS 672 
XLLCORNER -43 
YLLCORNER 25 
CELLSIZE 0.0833333333333333 
NODATA_value -9999 
[rows 120 to 159 of 672, columns 810 to 899 of 1344]
17 17 16 16 16 17 17 18 -9999 18 18 19 19 20 21 21 22 22 23 24 -9999 -9999 -9999 26 26 27 27 -9999 -9999 -9999 -9999 28 28 27 27 27 27 27 27 27 27 27 26 26 26 25 25 25 25 -9999 -9999 -9999 -9999 -9999 -9999 -9999 -9999 -9999 -9999 -9999 -9999 -9999 -9999 -9999 -9999 -9999 -9999 -9999 -9999 -9999 -9999 -9999 -9999 -9999 -9999 -9999 -9999 -9999 -9999 -9999 -9999 -9999 -9999 -9999 -9999 -9999 -9999 -9999 -9999 -9999
17 17 16 15 16 17 17 18 18 19 20 20 21 21 23 23 23 -9999 -9999 -9999 -9999 27 26 26 27 26 27 -9999 -9999 -9999 -9999 28 28 28 28 28 28 27 28 27 27 27 27 26 26 26 26 26 26 -9999 25 25 24 24 24 24 23 -9999 -9999 -9999 -9999 -9999 -9999 -9999 -9999 -9999 -9999 -9999 -9999 -9999 -9999 -9999 -9999 -9999 -9999 -9999 -9999 -9999 -9999 -9999 -9999 -9999 -9999 -9999 -9999 -9999 -9999 -9999 -9999 -9999
17 17 17 16 16 16 17 18 19 19 20 21 22 22 23 24 25 -9999 -9999 27 27 27 27 28 27 28 29 -9999 -9999 -9999 -9999 29 30 29 29 28 29 29 28 29 28 28 28 27 27 27 27 -9999 26 26 25 25 24 24 24 23 23 23 24 -9999 -9999 -9999 -9999 -9999 -9999 -9999 -9999 -9999 -9999 -9999 -9999 -9999 -9999 -9999 -9999 -9999 -9999 -9999 -9999 -9999 -9999 -9999 -9999 -9999 -9999 -9999 -9999 -9999 -9999 -9999
17 16 16 16 16 17 18 18 19 20 20 22 23 23 24 25 26 -9999 27 27 27 27 28 28 28 29 30 -9999 -9999 -9999 31 30 30 29 30 29 29 29 29 29 28 28 29 29 27 28 -9999 -9999 26 26 26 26 25 24 24 24 24 24 24 23 22 21 21 22 21 20 20 19 20 -9999 -9999 -9999 -9999 -9999 -9999 -9999 -9999 -9999 -9999 -9999 -9999 -9999 -9999 -9999 -9999 -9999 -9999 -9999 -9999 -9999
16 17 17 17 17 18 18 19 20 21 22 -9999 -9999 -9999 -9999 -9999 -9999 28 28 29 29 30 30 29 31 31 -9999 -9999 32 33 32 31 31 31 31 30 30 31 30 30 30 29 28 28 28 28 -9999 27 27 26 27 26 25 26 25 25 25 23 23 22 22 22 22 21 21 20 20 20 19 19 -9999 -9999 -9999 -9999 -9999 -9999 -9999 -9999 -9999 -9999 -9999 -9999 -9999 -9999 -9999 -9999 -9999 -9999 -9999 -9999
16 17 17 18 19 19 20 20 21 -9999 -9999 -9999 -9999 -9999 28 28 28 29 29 29 30 29 30 30 32 32 33 33 34 32 32 32 32 33 31 31 31 30 30 30 30 30 30 30 30 30 29 28 27 27 27 26 26 26 25 25 25 24 24 24 24 23 23 21 21 21 21 21 20 19 19 19 19 19 -9999 -9999 -9999 -9999 -9999 -9999 -9999 -9999 -9999 -9999 -9999 -9999 -9999 -9999 -9999 -9999
16 17 17 19 19 20 21 22 23 23 -9999 -9999 28 29 28 29 30 30 30 31 31 31 32 33 33 34 34 34 34 35 33 34 34 33 33 32 32 32 32 32 32 32 32 31 31 30 30 30 29 28 29 28 27 27 27 26 26 25 24 24 24 23 22 22 22 21 21 21 19 19 19 19 19 19 19 19 18 18 -9999 -9999 -9999 -9999 -9999 -9999 -9999 -9999 -9999 -9999 -9999 -9999
18 18 19 19 20 21 23 23 24 -9999 28 28 29 29 30 31 31 32 32 33 33 34 34 34 34 34 35 35 35 34 34 34 34 34 33 33 33 32 33 32 32 32 31 32 32 31 30 30 29 29 28 28 28 27 27 27 26 26 26 25 24 24 23 23 22 22 22 21 21 20 20 20 19 19 19 19 18 18 18 18 -9999 -9999 -9999 -9999 -9999 -9999 -9999 -9999 -9999 -9999
18 19 19 20 21 22 24 25 25 27 28 29 31 30 30 32 33 33 34 34 34 35 35 35 36 36 36 36 36 36 36 35 35 35 34 34 34 35 34 33 34 34 33 33 32 32 31 31 30 30 30 28 28 28 28 28 28 27 26 26 25 25 24 24 23 23 22 22 22 22 22 21 20 20 19 19 18 18 18 -9999 -9999 -9999 -9999 -9999 -9999 -9999 -9999 -9999 -9999 -9999
19 19 20 22 23 24 24 27 27 29 29 30 31 31 32 32 34 34 35 35 35 35 35 35 35 36 36 36 37 36 37 37 36 36 36 35 36 36 35 35 35 34 33 33 33 32 33 32 32 32 30 31 30 30 29 29 29 28 28 27 26 26 25 24 24 24 24 24 23 23 22 22 22 -9999 -9999 -9999 -9999 -9999 -9999 -9999 -9999 -9999 -9999 -9999 -9999 -9999 -9999 -9999 -9999 -9999
20 21 22 23 23 26 27 28 30 30 30 31 31 33 34 35 35 34 36 35 35 35 36 35 36 37 37 38 37 37 37 38 37 38 36 36 37 37 37 36 35 35 35 35 34 34 33 34 33 33 32 32 31 30 31 30 29 29 29 28 28 27 27 27 27 27 26 25 24 24 24 -9999 -9999 -9999 -9999 -9999 -9999 -9999 -9999 -9999 -9999 -9999 -9999 -9999 -9999 -9999 -9999 -9999 -9999 -9999
20 22 23 24 25 27 29 30 31 31 31 32 33 34 35 35 35 36 36 37 36 36 36 37 38 38 39 39 38 38 39 38 38 38 38 37 38 37 36 36 36 36 36 35 34 34 34 34 33 33 33 32 32 32 31 31 31 31 31 30 -9999 -9999 29 28 28 27 27 26 -9999 -9999 -9999 -9999 -9999 -9999 -9999 -9999 -9999 -9999 -9999 -9999 -9999 -9999 -9999 -9999 -9999 -9999 -9999 -9999 -9999 -9999
22 23 24 25 27 29 30 31 33 33 33 34 36 36 37 36 36 36 37 37 37 39 40 40 40 41 41 40 42 40 40 40 40 40 39 38 38 37 37 37 37 37 37 35 35 35 34 34 34 33 32 32 32 32 31 31 31 31 31 30 30 30 -9999 -9999 -9999 -9999 -9999 -9999 -9999 -9999 -9999 -9999 -9999 -9999 -9999 -9999 -9999 -9999 -9999 -9999 -9999 -9999 -9999 -9999 -9999 -9999 -9999 -9999 24 24
23 24 25 26 29 31 31 33 33 34 36 38 38 39 39 38 39 40 39 40 41 41 41 40 40 41 41 40 42 42 41 40 40 40 40 39 39 39 38 38 37 38 37 37 36 35 35 34 34 34 34 34 33 33 33 32 32 32 32 32 31 31 31 31 31 30 31 29 28 28 28 -9999 -9999 -9999 -9999 -9999 -9999 -9999 -9999 -9999 -9999 -9999 -9999 -9999 23 23 -9999 -9999 24 24
24 26 27 28 30 32 34 35 36 37 39 40 41 41 42 42 42 43 43 43 43 42 42 42 41 41 42 41 43 43 42 42 42 41 41 40 39 39 38 38 38 38 37 37 37 36 36 36 35 34 35 34 34 34 33 34 33 33 33 34 33 33 33 33 32 32 32 32 30 29 29 27 27 26 26 24 25 24 25 24 -9999 -9999 -9999 -9999 23 -9999 24 23 24 25
25 27 28 30 31 33 34 36 38 40 41 42 43 44 45 45 44 44 44 44 43 43 43 43 43 43 43 43 43 44 44 42 42 42 42 41 41 40 39 39 39 38 38 38 37 37 37 36 36 36 35 35 36 35 34 35 35 35 34 34 34 34 34 34 34 34 34 33 32 31 30 30 28 27 26 26 25 25 24 24 24 24 24 25 24 24 24 24 24 24
28 28 30 31 32 34 35 37 40 42 42 45 45 45 47 47 46 46 44 45 44 44 42 43 44 44 43 44 45 44 44 44 43 43 42 42 41 40 40 40 40 40 39 39 38 38 38 37 37 36 37 36 36 36 36 36 35 35 36 35 35 35 34 35 35 36 34 35 34 33 31 31 29 28 27 26 26 26 25 25 25 25 25 24 24 24 25 25 25 26
28 30 31 32 34 35 37 39 41 43 44 46 46 47 48 47 48 47 46 44 46 45 45 45 44 45 45 44 43 45 44 44 44 43 43 42 41 42 41 41 40 39 39 39 39 39 38 38 38 37 36 36 37 37 36 36 37 36 35 35 36 36 36 36 37 37 36 37 35 34 33 32 30 28 27 28 27 27 26 26 26 26 25 25 25 25 25 26 26 27
30 31 32 33 35 36 39 41 43 44 46 49 50 50 50 49 48 48 46 47 45 45 45 45 45 46 45 45 46 45 45 44 44 44 44 44 44 43 42 41 41 41 39 40 39 39 39 39 38 38 38 37 37 36 37 37 37 36 36 37 36 37 38 37 38 38 38 38 36 35 33 31 31 30 29 28 28 27 28 27 27 26 26 26 26 26 26 26 26 27
30 32 33 34 36 38 39 41 43 44 46 47 47 49 49 49 50 47 48 48 47 46 46 46 47 47 47 46 45 45 45 44 44 44 44 44 43 43 43 42 41 41 41 41 40 40 40 39 38 38 38 38 38 38 37 37 37 37 37 37 38 38 38 38 38 38 39 38 36 34 32 31 30 31 30 29 29 29 28 28 27 27 27 26 27 27 27 26 27 27
31 33 34 36 36 39 40 41 42 43 46 47 48 49 49 48 48 48 46 46 46 47 46 46 47 47 46 45 45 45 45 46 46 45 45 44 44 43 43 42 43 42 42 42 41 40 40 40 39 39 39 39 38 38 37 38 38 39 38 38 38 39 37 38 38 38 37 37 36 35 34 33 32 31 30 30 29 29 29 28 28 27 27 27 27 27 27 27 27 28
32 34 34 36 38 39 39 42 43 44 46 47 49 48 49 49 48 48 47 46 46 47 47 47 46 45 46 46 46 46 45 47 45 45 45 45 45 45 44 43 43 42 42 42 42 41 41 40 39 40 38 39 38 38 38 39 38 39 39 38 39 38 38 37 37 38 38 37 37 35 35 34 34 32 32 31 30 30 29 29 28 28 28 28 28 27 28 28 28 29
33 34 35 36 37 39 40 40 44 45 45 48 48 48 49 48 47 47 46 47 46 46 47 46 46 46 46 46 46 47 46 47 47 47 46 45 45 44 44 44 43 43 42 42 41 41 41 41 39 40 40 39 39 39 39 39 39 39 38 38 38 38 37 38 38 38 38 38 37 36 35 34 33 33 31 31 30 30 29 30 29 29 29 29 28 28 28 29 28 29
34 34 36 37 38 39 40 41 42 43 45 46 47 48 48 48 48 47 46 46 47 46 47 47 46 46 47 47 47 47 47 47 46 46 46 46 46 45 45 44 44 43 42 43 42 41 41 41 41 40 40 39 40 40 39 40 39 39 39 38 38 38 38 38 38 38 38 37 37 37 35 35 33 33 32 31 31 30 30 29 30 29 29 30 29 29 29 28 28 28
34 35 37 37 37 39 40 41 42 44 44 46 46 47 47 48 47 48 47 47 46 47 47 47 47 47 47 48 46 46 46 46 47 46 46 46 46 45 44 45 44 43 43 43 42 42 40 40 40 40 40 40 40 40 39 39 39 39 39 38 38 38 38 38 38 38 38 37 37 37 36 35 34 34 33 32 31 31 31 31 30 30 30 29 30 29 29 29 30 30
34 35 36 37 38 40 40 41 42 43 45 45 45 46 47 47 47 46 47 47 47 47 47 47 47 46 46 46 46 46 46 46 47 47 46 46 46 45 44 45 45 43 43 43 41 41 41 41 40 40 40 40 40 39 40 40 39 38 39 38 38 38 39 39 38 38 37 37 36 36 36 35 35 34 33 33 32 32 31 31 31 30 30 29 29 29 30 29 30 31
34 36 36 37 38 39 39 41 42 43 44 44 46 45 45 45 45 46 45 45 46 46 45 45 45 46 45 45 46 46 47 47 46 47 47 46 45 45 44 44 44 44 42 42 42 41 42 41 40 40 40 40 40 40 40 40 39 39 39 39 39 39 38 39 38 37 36 38 37 36 35 36 35 34 34 34 32 32 32 31 31 31 31 30 30 30 30 30 30 31
35 35 36 37 38 39 40 41 41 42 42 44 44 44 43 44 44 45 45 45 44 46 45 46 45 44 45 45 45 46 45 46 46 46 45 46 46 46 45 44 44 43 43 43 42 41 41 41 40 39 40 39 39 39 40 39 39 39 39 39 39 39 39 39 38 38 38 37 37 36 36 36 35 35 34 34 34 32 32 32 32 31 31 31 31 31 30 31 31 31
35 35 36 37 37 39 40 40 40 42 41 43 43 43 44 43 44 44 44 44 44 45 44 44 43 44 44 44 45 44 45 45 46 46 46 46 46 44 44 44 44 43 42 42 42 41 41 41 40 40 40 39 39 40 39 39 39 39 39 39 39 39 39 38 38 37 37 37 37 37 36 35 35 35 34 34 33 33 33 32 32 32 31 31 32 31 31 31 31 31
35 36 36 36 37 38 39 40 40 41 40 41 43 42 43 43 43 43 44 43 43 42 44 44 43 44 44 43 43 44 44 45 46 45 45 45 45 45 44 43 43 43 42 42 41 41 41 40 40 41 41 41 40 40 40 39 39 39 39 39 39 38 38 37 38 38 37 36 36 36 35 36 35 35 34 33 33 33 33 33 32 32 32 32 31 32 31 31 31 31
35 35 35 36 36 38 38 39 40 40 40 42 42 42 42 42 42 42 42 42 43 43 43 43 44 42 43 43 44 43 43 43 43 44 43 44 44 44 43 43 43 42 42 42 41 42 42 40 40 40 40 40 39 40 39 38 38 39 39 39 39 38 38 37 36 36 36 37 36 35 36 36 35 35 34 33 33 33 33 33 32 32 32 32 32 31 31 31 31 31
36 36 36 37 38 38 38 38 40 40 40 40 40 41 41 41 42 42 42 42 42 42 42 42 42 42 42 42 42 42 42 43 43 43 43 43 42 42 42 42 42 42 41 41 42 41 40 40 39 39 39 39 39 38 38 38 38 38 38 39 39 38 38 37 36 36 37 36 36 35 35 36 35 34 34 34 34 32 33 32 32 32 32 32 32 31 32 32 31 31
35 35 36 37 36 37 38 38 39 39 39 40 39 40 41 41 41 41 41 41 41 41 41 41 40 41 41 41 41 41 42 43 43 43 43 42 42 41 42 41 42 41 41 40 40 40 39 39 39 39 39 38 38 37 38 38 38 37 37 38 38 37 38 37 36 36 37 37 36 36 36 35 35 35 34 33 32 32 32 32 32 32 32 32 32 32 31 31 31 31
34 36 36 36 36 37 37 37 39 38 38 39 39 40 40 40 39 40 40 40 40 40 40 40 40 41 41 40 40 40 41 41 41 42 42 42 42 42 42 41 41 41 40 39 40 39 39 39 38 39 39 38 38 38 39 39 38 38 39 38 38 38 37 37 37 37 37 37 36 36 36 35 35 35 34 34 33 33 33 32 32 31 31 31 31 31 31 31 31 31
35 35 35 36 36 36 37 37 38 38 39 38 38 38 38 38 39 39 40 40 40 40 39 39 39 40 40 40 40 40 40 41 41 41 41 42 41 41 41 41 40 40 40 39 39 39 39 39 39 39 39 38 38 38 37 38 38 37 37 37 37 37 37 37 37 37 36 36 36 36 36 35 35 35 34 34 33 33 33 32 31 31 30 30 30 30 31 31 31 31
34 34 34 35 36 36 36 36 36 36 37 37 37 37 38 38 38 38 38 38 38 38 38 39 39 38 39 38 38 39 39 40 39 40 40 40 39 41 41 40 40 40 40 40 39 39 39 38 38 38 38 38 38 38 38 37 37 37 37 37 37 37 37 37 36 36 36 36 36 36 35 35 34 34 34 34 34 34 33 33 33 32 32 32 32 31 31 31 31 30
35 35 35 35 35 36 36 36 36 36 36 37 37 37 37 37 38 37 36 37 37 37 38 38 37 37 38 38 38 38 38 38 39 39 39 39 39 39 39 39 40 39 39 39 39 39 39 38 38 38 38 38 38 38 37 37 37 36 36 37 37 37 36 36 36 37 37 36 36 35 35 34 34 34 34 34 34 33 32 32 32 32 32 31 32 31 31 31 30 30
34 34 34 34 35 35 35 35 36 36 36 36 36 37 36 37 36 36 37 36 36 36 36 37 36 36 36 36 36 37 37 37 38 37 39 39 39 39 39 39 39 38 38 38 38 38 38 38 37 37 38 37 38 37 37 37 37 37 36 37 36 36 35 35 35 36 36 36 36 35 35 35 34 34 34 33 33 33 33 32 32 32 32 32 31 31 31 30 30 30
33 34 33 34 34 35 35 35 35 35 36 35 35 36 36 36 35 35 35 35 35 36 35 35 36 36 36 36 36 37 36 37 36 37 37 38 38 38 38 38 38 38 37 37 38 38 38 37 37 38 38 37 37 36 36 36 36 37 36 36 35 35 36 36 35 35 36 36 35 35 35 35 34 34 34 34 33 33 32 33 33 32 32 31 31 31 31 31 31 30
33 33 34 34 34 34 35 35 35 35 35 35 34 35 35 35 35 35 35 35 35 35 35 35 34 34 35 34 34 35 36 37 37 37 37 37 37 37 37 38 37 37 37 38 38 37 37 38 37 37 37 37 37 37 36 36 36 36 36 36 35 35 35 35 35 35 35 35 35 35 35 35 34 34 33 34 33 34 34 32 33 32 32 32 31 32 30 31 31 31
