RDATA/clipped/fe_buffer_bio14.asc
NCOLS 1344 
NROWS 672 
XLLCORNER -43 
YLLCORNER 25 
CELLSIZE 0.0833333333333333 
NODATA_value -9999 
[rows 160 to 199 of 672, columns 630 to 719 of 1344]
-9999 -9999 -9999 -9999 -9999 -9999 -9999 -9999 -9999 -9999 -9999 -9999 -9999 -9999 -9999 -9999 -9999 -9999 -9999 -9999 -9999 -9999 -9999 -9999 -9999 -9999 -9999 -9999 -9999 -9999 -9999 -9999 -9999 -9999 -9999 -9999 87 83 82 -9999 -9999 -9999 -9999 -9999 -9999 -9999 -9999 -9999 -9999 -9999 -9999 -9999 -9999 -9999 -9999 -9999 -9999 -9999 -9999 -9999 -9999 -9999 52 59 56 -9999 54 53 57 57 57 56 58 60 57 61 58 53 58 62 61 59 60 58 57 56 55 55 53 51
-9999 -9999 -9999 -9999 -9999 -9999 -9999 -9999 -9999 -9999 -9999 -9999 -9999 -9999 -9999 -9999 -9999 -9999 -9999 -9999 -9999 -9999 -9999 -9999 -9999 -9999 -9999 -9999 -9999 -9999 85 85 -9999 -9999 -9999 -9999 -9999 -9999 -9999 -9999 -9999 -9999 -9999 -9999 -9999 -9999 -9999 -9999 -9999 -9999 -9999 -9999 -9999 -9999 -9999 -9999 -9999 -9999 -9999 -9999 -9999 -9999 52 53 55 57 55 55 55 57 57 54 55 57 58 59 57 57 59 60 60 60 61 59 58 55 53 51 50 48
-9999 -9999 -9999 -9999 -9999 -9999 -9999 -9999 -9999 -9999 -9999 -9999 -9999 -9999 -9999 -9999 -9999 -9999 -9999 -9999 -9999 -9999 -9999 -9999 -9999 -9999 -9999 -9999 -9999 87 86 -9999 -9999 -9999 -9999 -9999 -9999 -9999 -9999 -9999 -9999 -9999 -9999 -9999 -9999 -9999 -9999 -9999 -9999 -9999 -9999 -9999 65 63 -9999 -9999 -9999 60 56 -9999 -9999 56 55 53 55 57 60 57 58 56 55 54 53 56 55 55 55 57 59 61 59 58 55 54 54 54 54 52 50 50
-9999 -9999 -9999 -9999 -9999 -9999 -9999 -9999 -9999 -9999 -9999 -9999 -9999 -9999 -9999 -9999 -9999 -9999 -9999 -9999 -9999 -9999 -9999 -9999 -9999 -9999 -9999 -9999 -9999 -9999 -9999 -9999 -9999 -9999 -9999 -9999 -9999 -9999 -9999 -9999 -9999 -9999 -9999 -9999 -9999 -9999 -9999 -9999 -9999 -9999 -9999 -9999 65 -9999 -9999 -9999 56 60 58 51 53 56 56 52 55 59 60 60 56 53 56 57 51 53 52 60 63 62 62 61 60 57 55 54 52 52 51 50 49 51
-9999 -9999 -9999 -9999 -9999 -9999 -9999 -9999 -9999 -9999 -9999 -9999 -9999 -9999 -9999 -9999 -9999 -9999 -9999 -9999 -9999 -9999 -9999 -9999 -9999 -9999 -9999 -9999 -9999 -9999 -9999 -9999 -9999 -9999 -9999 -9999 -9999 -9999 -9999 -9999 -9999 -9999 -9999 -9999 -9999 -9999 -9999 -9999 -9999 -9999 -9999 -9999 -9999 65 63 -9999 -9999 54 52 53 53 51 52 51 55 53 51 50 50 53 52 51 55 54 58 59 59 64 66 64 62 61 62 58 56 52 51 52 49 49
-9999 -9999 -9999 -9999 -9999 -9999 -9999 -9999 -9999 -9999 -9999 -9999 -9999 -9999 -9999 -9999 -9999 -9999 -9999 -9999 -9999 -9999 -9999 -9999 -9999 -9999 -9999 -9999 -9999 -9999 -9999 -9999 -9999 -9999 -9999 -9999 -9999 -9999 -9999 -9999 -9999 -9999 -9999 -9999 -9999 -9999 -9999 -9999 -9999 -9999 -9999 -9999 -9999 -9999 -9999 -9999 60 57 53 53 52 52 52 56 55 52 57 52 53 52 50 51 51 53 52 57 56 60 62 62 60 61 58 57 56 56 55 53 54 52
-9999 -9999 -9999 -9999 -9999 -9999 -9999 -9999 -9999 -9999 -9999 -9999 -9999 -9999 -9999 -9999 -9999 -9999 -9999 -9999 -9999 -9999 -9999 -9999 -9999 -9999 -9999 -9999 -9999 -9999 -9999 -9999 -9999 -9999 -9999 -9999 -9999 -9999 -9999 -9999 -9999 -9999 -9999 -9999 -9999 -9999 -9999 -9999 -9999 -9999 -9999 71 70 66 68 68 62 58 59 59 62 63 61 58 55 52 56 56 56 54 50 50 55 58 59 57 56 54 52 55 57 60 59 59 55 52 52 52 50 50
-9999 -9999 -9999 -9999 -9999 -9999 -9999 -9999 -9999 -9999 -9999 -9999 -9999 -9999 -9999 -9999 -9999 -9999 -9999 -9999 -9999 -9999 -9999 -9999 -9999 -9999 -9999 -9999 -9999 -9999 -9999 -9999 -9999 -9999 -9999 -9999 -9999 -9999 -9999 -9999 -9999 -9999 -9999 -9999 -9999 -9999 -9999 -9999 -9999 78 -9999 77 72 70 68 66 63 67 66 60 54 58 61 62 58 55 55 56 55 51 50 56 57 59 59 57 56 54 53 57 57 55 53 51 50 50 51 51 49 49
-9999 -9999 -9999 -9999 -9999 -9999 -9999 -9999 -9999 -9999 -9999 -9999 -9999 -9999 -9999 -9999 -9999 -9999 -9999 -9999 -9999 -9999 -9999 -9999 -9999 -9999 -9999 -9999 -9999 -9999 -9999 -9999 -9999 -9999 -9999 -9999 -9999 -9999 -9999 -9999 95 -9999 -9999 -9999 -9999 -9999 86 85 83 84 80 80 79 73 73 69 69 72 68 69 72 64 59 52 56 58 56 57 54 49 51 52 57 60 60 55 54 53 54 54 55 53 51 49 48 48 49 49 49 46
-9999 -9999 -9999 -9999 -9999 -9999 -9999 -9999 -9999 -9999 -9999 -9999 -9999 -9999 -9999 -9999 -9999 -9999 -9999 -9999 -9999 -9999 -9999 -9999 -9999 -9999 -9999 -9999 -9999 -9999 -9999 -9999 -9999 -9999 -9999 -9999 -9999 -9999 -9999 -9999 -9999 -9999 -9999 -9999 92 -9999 89 89 86 83 81 81 83 83 78 73 74 74 71 75 72 62 56 59 58 59 58 60 56 49 54 58 61 59 57 57 59 59 56 55 53 51 49 49 47 46 45 44 43 43
-9999 -9999 -9999 -9999 -9999 -9999 -9999 -9999 -9999 -9999 -9999 -9999 -9999 -9999 -9999 -9999 -9999 -9999 -9999 -9999 -9999 -9999 -9999 -9999 -9999 -9999 -9999 -9999 -9999 -9999 -9999 -9999 -9999 -9999 -9999 -9999 -9999 -9999 -9999 -9999 -9999 -9999 -9999 99 96 98 94 91 89 88 87 84 84 81 80 76 73 73 75 73 68 64 68 64 59 61 59 64 65 59 52 51 51 51 52 57 57 55 52 52 53 54 53 51 49 48 51 47 45 43
-9999 -9999 -9999 -9999 -9999 -9999 -9999 -9999 -9999 -9999 -9999 -9999 -9999 -9999 -9999 -9999 -9999 -9999 -9999 -9999 -9999 -9999 -9999 -9999 -9999 -9999 -9999 -9999 -9999 -9999 -9999 -9999 -9999 -9999 -9999 -9999 -9999 -9999 -9999 -9999 -9999 103 104 -9999 100 98 96 94 92 91 87 88 87 87 84 77 74 78 78 73 69 70 69 66 63 62 57 61 63 59 55 52 54 55 55 52 53 53 50 51 49 49 51 50 48 45 45 47 45 43
-9999 -9999 -9999 -9999 -9999 -9999 -9999 -9999 -9999 -9999 -9999 -9999 -9999 -9999 -9999 -9999 -9999 -9999 -9999 -9999 -9999 -9999 -9999 -9999 -9999 -9999 -9999 -9999 -9999 -9999 -9999 -9999 -9999 -9999 -9999 -9999 -9999 103 103 -9999 105 105 105 106 104 104 101 99 95 94 93 94 92 88 86 83 84 79 72 68 70 68 68 67 65 60 55 61 61 57 52 55 57 57 55 53 52 53 51 50 46 44 47 50 50 47 43 42 41 40
-9999 -9999 -9999 -9999 -9999 -9999 -9999 -9999 -9999 -9999 -9999 -9999 -9999 -9999 -9999 -9999 -9999 -9999 -9999 -9999 -9999 -9999 -9999 -9999 -9999 -9999 -9999 -9999 -9999 -9999 96 -9999 -9999 -9999 -9999 -9999 -9999 104 -9999 107 106 109 111 111 109 107 104 100 97 95 92 91 85 82 82 80 80 72 68 71 69 65 63 64 57 53 56 56 57 52 52 54 54 53 52 52 53 51 49 47 45 43 42 43 43 43 42 41 41 39
-9999 -9999 -9999 -9999 -9999 -9999 -9999 -9999 -9999 -9999 -9999 -9999 -9999 -9999 -9999 -9999 -9999 -9999 -9999 -9999 -9999 -9999 -9999 -9999 -9999 -9999 -9999 -9999 -9999 -9999 -9999 -9999 -9999 -9999 -9999 101 -9999 -9999 -9999 107 110 110 112 112 112 108 104 101 99 96 92 87 81 81 77 75 69 66 67 65 66 67 62 57 54 54 53 51 51 51 52 52 52 51 50 50 50 52 50 49 48 45 42 41 40 40 39 38 37 37
-9999 -9999 -9999 -9999 -9999 -9999 -9999 -9999 -9999 -9999 -9999 -9999 -9999 -9999 -9999 -9999 -9999 -9999 -9999 -9999 -9999 -9999 -9999 -9999 -9999 -9999 -9999 -9999 -9999 -9999 -9999 -9999 -9999 104 101 -9999 102 103 -9999 108 108 111 113 113 110 107 105 101 98 95 92 88 84 77 73 70 67 64 61 59 56 54 53 56 55 55 52 49 48 49 51 51 51 52 52 50 49 46 44 43 42 41 42 41 41 40 40 39 38 37
-9999 -9999 -9999 -9999 -9999 -9999 -9999 -9999 -9999 -9999 -9999 -9999 -9999 -9999 -9999 -9999 -9999 -9999 -9999 -9999 -9999 -9999 -9999 -9999 -9999 -9999 -9999 -9999 -9999 -9999 -9999 -9999 -9999 98 -9999 -9999 102 103 108 110 110 110 112 111 110 107 104 100 95 92 87 83 82 75 74 70 67 65 63 61 59 58 55 53 53 55 56 52 47 46 46 45 46 46 47 49 49 47 45 46 45 44 41 39 38 38 37 37 36 36
-9999 -9999 -9999 -9999 -9999 -9999 -9999 -9999 -9999 -9999 -9999 -9999 -9999 -9999 -9999 -9999 -9999 -9999 -9999 -9999 -9999 -9999 -9999 -9999 -9999 -9999 -9999 -9999 -9999 -9999 -9999 -9999 -9999 99 99 101 102 102 103 107 109 108 109 109 108 105 102 98 94 88 87 82 81 79 76 72 70 68 64 64 60 61 61 58 53 48 49 49 47 44 45 45 43 41 44 45 44 44 43 44 43 41 40 41 40 39 38 37 35 34
-9999 -9999 -9999 -9999 -9999 -9999 -9999 -9999 -9999 -9999 -9999 -9999 -9999 -9999 -9999 -9999 -9999 -9999 -9999 -9999 -9999 -9999 -9999 -9999 -9999 -9999 -9999 -9999 -9999 -9999 -9999 -9999 -9999 98 99 100 102 103 103 107 108 109 107 107 106 103 101 97 92 90 87 79 79 78 75 73 70 68 66 63 58 56 55 53 52 50 46 49 47 47 43 42 42 46 48 45 44 43 40 41 43 43 41 41 40 38 37 36 36 35
-9999 -9999 -9999 -9999 -9999 -9999 -9999 -9999 -9999 -9999 -9999 -9999 -9999 -9999 -9999 -9999 -9999 -9999 -9999 -9999 -9999 -9999 -9999 -9999 -9999 -9999 -9999 -9999 -9999 -9999 95 96 96 98 101 104 101 100 104 105 103 104 105 105 103 100 97 94 91 88 86 79 77 77 75 75 72 72 67 61 61 60 55 52 48 46 42 42 47 47 43 39 40 42 43 45 44 43 39 38 37 40 40 41 40 38 38 37 36 35
-9999 -9999 -9999 -9999 -9999 -9999 -9999 -9999 -9999 -9999 -9999 -9999 -9999 -9999 -9999 -9999 -9999 -9999 -9999 -9999 -9999 -9999 -9999 -9999 -9999 -9999 -9999 -9999 -9999 -9999 -9999 94 96 96 96 99 103 104 104 104 102 104 104 101 98 97 93 92 92 88 85 79 78 76 75 77 75 70 66 59 61 58 58 55 55 50 41 47 50 47 43 38 38 40 40 38 39 40 39 37 35 35 36 36 36 37 36 36 35 35
-9999 -9999 -9999 -9999 -9999 -9999 -9999 -9999 -9999 -9999 -9999 -9999 -9999 -9999 -9999 -9999 -9999 -9999 -9999 -9999 -9999 -9999 -9999 -9999 -9999 -9999 -9999 -9999 -9999 -9999 -9999 95 95 95 96 97 98 101 101 103 102 103 101 99 95 94 91 88 89 87 83 78 76 74 72 67 63 61 62 58 59 55 51 49 50 41 42 48 51 48 39 36 37 37 37 38 40 40 40 39 38 36 34 34 34 33 34 34 33 33
-9999 -9999 -9999 -9999 -9999 -9999 -9999 -9999 -9999 -9999 -9999 -9999 -9999 -9999 -9999 -9999 -9999 -9999 -9999 -9999 -9999 -9999 -9999 -9999 -9999 -9999 -9999 -9999 -9999 -9999 93 -9999 94 95 95 95 96 101 99 103 101 99 100 97 91 91 91 89 85 86 83 80 75 71 67 64 63 62 59 56 55 52 50 46 42 40 37 36 44 43 37 35 36 35 36 37 37 35 35 35 35 36 36 36 34 33 32 32 32 32
-9999 -9999 -9999 -9999 -9999 -9999 -9999 -9999 -9999 -9999 -9999 -9999 -9999 -9999 -9999 -9999 -9999 -9999 -9999 -9999 -9999 -9999 -9999 -9999 -9999 -9999 90 92 91 91 91 92 -9999 95 94 98 99 97 100 100 99 98 98 95 89 89 90 86 84 82 79 76 72 68 65 64 65 64 60 56 54 50 48 46 43 39 36 35 34 33 33 35 33 36 37 36 36 36 36 36 34 33 34 33 34 33 33 32 32 31
-9999 -9999 -9999 -9999 -9999 -9999 -9999 -9999 -9999 -9999 -9999 -9999 -9999 -9999 -9999 -9999 -9999 -9999 -9999 -9999 -9999 -9999 -9999 -9999 -9999 -9999 -9999 96 92 91 91 91 91 94 98 100 96 97 96 94 96 97 94 91 91 85 84 84 82 79 77 74 69 66 63 62 62 62 60 58 57 53 51 51 48 44 41 35 34 35 35 34 34 38 37 36 33 33 33 35 35 34 33 33 32 32 31 32 31 31
-9999 -9999 -9999 -9999 -9999 -9999 -9999 -9999 -9999 -9999 -9999 -9999 -9999 -9999 -9999 -9999 -9999 -9999 -9999 -9999 -9999 -9999 -9999 -9999 -9999 -9999 -9999 -9999 -9999 -9999 -9999 90 90 92 93 97 92 97 96 94 96 94 93 89 89 87 79 80 78 74 71 70 69 65 61 59 57 57 58 57 53 50 47 44 42 40 39 37 36 32 32 34 33 34 35 35 34 33 32 32 33 33 33 33 33 33 32 31 31 30
-9999 -9999 -9999 -9999 -9999 -9999 -9999 -9999 -9999 -9999 -9999 -9999 -9999 -9999 -9999 -9999 -9999 -9999 -9999 -9999 -9999 -9999 -9999 -9999 -9999 -9999 -9999 -9999 -9999 -9999 89 89 90 91 93 89 89 91 94 91 91 92 92 91 88 85 78 79 78 74 71 74 73 65 62 60 60 58 57 55 53 50 48 45 41 40 40 38 35 35 34 33 33 34 33 33 33 31 30 31 31 31 32 31 31 31 31 31 30 30
-9999 -9999 -9999 -9999 -9999 -9999 -9999 -9999 -9999 -9999 -9999 -9999 -9999 -9999 -9999 -9999 -9999 -9999 -9999 -9999 -9999 -9999 -9999 -9999 -9999 -9999 -9999 -9999 -9999 -9999 88 89 89 90 92 88 87 87 89 92 90 89 89 87 84 81 76 80 77 72 76 77 71 63 61 61 58 58 58 54 52 49 46 43 42 39 37 35 36 35 35 34 36 38 37 37 34 32 31 30 31 30 29 30 30 30 30 31 30 30
-9999 -9999 -9999 -9999 -9999 -9999 -9999 -9999 -9999 -9999 -9999 -9999 -9999 -9999 -9999 -9999 -9999 -9999 -9999 -9999 -9999 -9999 -9999 -9999 -9999 -9999 -9999 -9999 -9999 -9999 -9999 87 89 87 88 89 86 85 86 87 85 86 85 85 81 76 76 75 73 73 73 72 70 65 63 62 59 57 54 51 49 47 44 43 42 38 37 37 37 35 34 37 37 38 35 34 31 31 31 32 31 31 30 30 29 29 29 29 30 31
-9999 -9999 -9999 -9999 -9999 -9999 -9999 -9999 -9999 -9999 -9999 -9999 -9999 -9999 -9999 -9999 -9999 -9999 -9999 -9999 -9999 -9999 -9999 -9999 -9999 -9999 -9999 -9999 -9999 89 86 86 86 84 86 86 89 86 85 84 87 86 84 83 79 75 73 73 75 74 73 72 67 65 65 64 61 60 56 52 48 47 45 43 41 40 36 38 38 38 37 35 34 32 32 31 31 31 30 31 30 30 30 30 29 29 29 28 28 28
-9999 -9999 -9999 -9999 -9999 -9999 -9999 -9999 -9999 -9999 -9999 -9999 -9999 -9999 -9999 -9999 -9999 -9999 -9999 -9999 -9999 -9999 -9999 -9999 80 83 82 83 85 87 84 88 86 86 84 85 84 83 86 86 84 82 81 81 75 72 71 70 72 70 67 64 64 65 65 63 61 58 53 50 48 47 46 44 41 41 38 38 36 40 42 38 35 33 32 32 31 31 30 31 30 30 30 30 29 29 30 30 29 28
-9999 -9999 -9999 -9999 -9999 -9999 -9999 -9999 -9999 -9999 -9999 -9999 -9999 -9999 -9999 -9999 72 -9999 74 75 -9999 -9999 -9999 -9999 80 82 81 84 86 85 85 86 86 85 86 82 81 82 82 81 81 82 80 76 73 70 71 70 67 65 62 59 60 60 60 57 56 53 52 50 49 46 43 41 39 38 36 35 35 37 36 34 32 31 31 31 31 31 31 30 30 30 29 30 30 30 29 29 29 28
-9999 -9999 -9999 -9999 -9999 -9999 -9999 -9999 -9999 -9999 -9999 -9999 -9999 -9999 71 72 72 73 73 74 74 75 76 77 79 80 81 82 84 84 84 84 82 83 83 83 84 84 83 82 80 77 74 72 69 71 71 68 64 63 62 61 59 59 55 52 49 49 47 45 45 45 44 43 43 43 40 37 36 34 33 32 33 32 31 30 30 30 30 30 31 31 31 30 30 29 29 30 29 28
-9999 -9999 -9999 -9999 -9999 -9999 -9999 -9999 -9999 -9999 -9999 -9999 -9999 -9999 70 71 71 72 72 73 74 74 76 77 76 78 79 80 82 83 83 82 82 83 79 79 80 81 81 78 75 74 70 70 70 70 67 64 62 62 61 60 56 54 52 51 47 47 45 44 44 43 41 40 39 37 39 40 36 35 35 36 34 33 32 30 29 29 30 30 30 30 30 29 29 30 30 29 30 28
-9999 -9999 -9999 -9999 -9999 -9999 -9999 -9999 -9999 -9999 -9999 -9999 -9999 -9999 -9999 -9999 -9999 -9999 71 71 72 72 73 74 75 75 77 78 80 80 81 81 82 79 77 79 80 77 75 74 71 69 69 71 70 69 64 63 60 58 59 60 57 54 50 48 46 47 47 45 44 43 42 40 39 38 35 34 34 33 34 33 33 33 33 32 31 30 29 29 29 29 29 28 29 30 30 29 28 28
-9999 -9999 -9999 -9999 -9999 -9999 -9999 -9999 -9999 -9999 -9999 -9999 -9999 -9999 -9999 -9999 -9999 -9999 -9999 70 71 71 72 72 74 73 74 76 77 79 81 79 77 74 74 78 76 73 70 69 69 69 68 67 65 63 62 60 59 57 55 55 53 50 47 48 46 48 48 46 44 42 40 39 39 39 37 34 33 33 32 31 30 31 30 31 31 31 31 29 29 28 28 29 28 29 29 28 28 28
-9999 -9999 -9999 -9999 -9999 -9999 -9999 -9999 -9999 -9999 -9999 -9999 -9999 -9999 -9999 -9999 66 67 69 69 69 70 70 71 72 72 73 74 76 77 76 73 72 71 72 73 70 69 72 70 70 69 70 68 66 66 64 61 59 56 53 52 49 49 47 46 47 45 45 43 42 40 39 37 36 36 36 35 34 33 31 31 31 31 30 29 30 31 31 30 30 29 29 29 28 28 29 28 28 28
-9999 -9999 -9999 -9999 -9999 -9999 -9999 -9999 -9999 -9999 -9999 -9999 -9999 -9999 64 65 65 67 68 68 69 67 69 69 68 70 72 72 72 70 70 69 70 70 68 68 68 68 67 68 69 69 68 67 65 62 61 60 58 56 54 52 50 48 46 44 45 45 45 42 40 41 38 36 36 35 34 33 33 32 31 31 30 30 30 30 29 30 31 32 32 31 30 29 29 29 28 28 28 28
-9999 -9999 -9999 -9999 -9999 -9999 -9999 -9999 -9999 -9999 -9999 62 63 63 64 65 66 66 68 67 66 66 66 66 67 69 67 66 65 66 66 67 68 66 69 68 66 66 66 66 66 66 66 65 62 62 58 56 55 54 53 51 49 48 47 44 42 41 41 40 38 38 37 36 36 35 34 33 33 33 32 30 30 30 30 30 30 29 30 30 31 31 31 30 30 29 29 28 28 28
-9999 -9999 -9999 -9999 -9999 -9999 -9999 -9999 -9999 -9999 61 62 63 63 65 64 65 67 68 67 67 65 65 65 66 67 67 66 65 68 70 70 71 67 65 65 64 65 65 65 64 63 64 64 63 62 59 56 55 54 53 52 53 54 51 48 45 41 39 38 37 36 35 34 35 35 33 32 33 32 32 31 31 30 29 30 30 30 29 29 29 30 30 30 30 29 29 29 28 29
