RDATA/clipped/fe_buffer_bio17.asc
NCOLS 1344 
NROWS 672 
XLLCORNER -43 
YLLCORNER 25 
CELLSIZE 0.0833333333333333 
NODATA_value -9999 
[rows 390 to 428 of 672, columns 968 to 1055 of 1344]
105 104 106 107 106 107 107 107 111 110 111 109 108 107 103 102 101 100 98 95 97 95 95 95 93 92 90 89 90 89 87 86 86 89 89 91 93 94 95 95 94 95 95 95 94 94 95 95 94 92 92 92 90 89 88 87 85 85 84 82 82 81 79 78 77 75 74 74 74 74 73 73 71 71 72 72 75 75 75 75 74 74 73 73 74 74 74 73
106 105 107 109 109 110 110 110 112 113 112 110 108 107 107 105 103 101 99 98 98 97 95 96 94 94 92 89 88 87 86 85 86 89 89 91 93 94 94 95 95 96 95 95 95 94 94 94 94 92 92 92 92 92 89 88 86 85 85 82 82 81 79 79 78 75 74 74 74 74 74 73 71 71 72 72 74 75 75 75 74 74 72 72 73 73 73 71
106 108 105 108 109 112 111 112 112 112 114 112 111 110 110 108 106 106 104 102 101 98 97 96 95 94 92 91 90 89 87 85 86 88 89 91 93 93 95 95 96 96 96 96 96 95 95 95 94 94 94 93 92 92 89 88 87 86 85 84 82 82 79 79 78 76 76 74 74 74 75 75 72 71 72 72 74 74 75 75 74 74 74 72 72 71 71 70
108 107 107 108 108 109 109 111 112 113 112 110 111 107 110 110 108 107 104 103 101 100 99 97 97 95 95 93 94 90 91 90 90 90 91 92 93 93 95 96 97 96 97 97 98 98 96 95 95 95 95 94 93 91 90 89 89 87 86 85 83 82 80 78 78 77 77 77 76 75 75 75 72 71 71 72 74 74 74 74 73 72 71 71 70 70 70 70
108 109 110 110 111 110 109 110 111 112 112 111 109 108 107 109 107 108 107 106 106 103 103 101 101 99 97 97 96 94 93 91 91 91 93 93 93 93 96 97 97 97 97 97 98 98 98 98 98 96 95 94 94 93 91 90 90 87 87 85 84 83 81 80 78 78 78 77 77 76 75 75 72 71 71 71 74 74 73 73 73 72 71 70 70 68 68 67
109 109 109 109 109 110 110 109 110 111 111 111 112 110 107 106 107 108 107 107 106 106 105 104 103 102 102 100 98 97 96 96 95 95 95 95 96 96 96 97 97 97 97 97 98 98 97 98 97 96 96 95 94 94 92 91 90 90 87 87 85 83 81 80 79 78 78 77 77 76 75 75 72 71 71 71 74 71 72 72 72 70 70 68 68 68 67 66
109 108 108 109 109 109 110 107 110 110 108 109 109 110 108 106 106 106 106 107 106 106 106 106 104 103 102 100 100 99 97 96 96 96 96 96 96 97 97 97 97 97 98 98 98 98 97 97 97 97 96 96 94 94 94 92 91 90 87 87 86 83 83 81 80 79 78 77 76 75 75 74 73 73 72 72 71 71 71 71 71 70 70 68 67 66 66 65
110 108 108 107 108 109 109 110 107 107 107 106 108 109 107 107 109 109 109 109 109 108 109 106 106 106 104 103 102 100 100 99 99 99 98 98 98 98 98 98 97 99 99 99 98 98 97 97 97 97 97 95 95 95 94 94 92 90 90 87 86 84 83 81 80 79 78 78 77 76 76 74 74 73 72 72 71 71 71 71 70 68 67 67 66 65 65 64
108 108 108 109 107 109 109 109 109 109 108 106 107 109 108 107 109 109 108 109 109 110 109 109 109 108 108 105 105 103 103 102 101 101 100 100 100 99 99 98 98 99 99 99 99 99 97 97 97 97 97 95 95 95 95 94 92 91 90 87 86 84 83 82 80 80 78 78 77 76 75 74 74 74 72 72 71 71 71 69 68 67 67 67 64 64 64 63
108 107 107 107 108 108 109 109 109 109 108 108 107 107 108 107 108 109 109 110 110 109 112 110 110 109 109 108 107 106 105 104 103 102 102 102 101 100 100 100 100 99 99 99 99 99 98 98 98 97 96 95 95 95 94 94 93 91 90 88 87 87 84 83 80 80 78 78 76 76 74 74 73 72 72 72 71 70 70 68 68 68 67 65 64 64 62 61
110 110 109 107 108 109 108 108 108 109 107 109 108 107 107 108 108 110 111 109 111 112 112 113 112 113 112 112 109 108 108 107 105 104 104 103 102 102 101 101 100 100 99 99 99 99 98 98 98 96 96 95 95 95 94 94 93 92 91 89 88 87 84 83 80 80 78 77 76 75 74 74 73 72 71 71 70 69 69 68 67 65 65 64 64 61 61 61
110 109 108 107 108 108 108 108 108 109 107 109 109 107 107 109 110 111 112 112 112 114 115 115 115 115 115 115 112 111 111 108 107 107 105 104 103 103 102 101 101 101 100 99 99 99 99 98 98 97 96 95 95 95 95 94 93 92 91 90 87 87 84 83 81 80 78 77 76 75 75 74 73 71 70 70 69 69 67 67 65 65 65 63 61 61 61 59
109 109 106 109 108 108 108 108 108 108 108 108 108 108 108 109 110 111 111 113 114 114 116 116 116 116 115 115 114 113 112 111 110 107 107 105 105 104 103 103 102 102 102 101 99 99 99 98 98 98 95 95 95 95 95 93 93 92 91 89 87 85 84 82 81 80 79 77 76 75 74 73 71 71 71 69 68 68 68 67 66 64 64 62 61 60 59 58
109 109 106 108 108 108 107 108 108 108 108 109 109 108 108 110 110 110 112 113 116 117 118 119 119 118 118 118 116 114 113 112 111 110 108 107 106 106 105 103 103 102 102 102 101 99 99 98 98 98 96 95 95 95 94 92 92 91 89 88 87 84 84 81 80 79 78 77 75 75 73 71 71 71 69 68 68 68 66 65 65 64 62 61 60 59 58 57
108 106 107 107 107 107 107 108 108 108 108 108 108 107 109 109 110 111 112 114 115 116 118 119 119 120 120 117 116 116 115 114 113 111 110 110 107 106 106 105 104 103 102 102 101 100 99 98 98 98 95 95 95 95 93 92 91 91 89 88 86 84 84 81 80 79 77 75 75 73 72 71 71 69 68 68 67 65 65 65 64 63 61 60 59 57 57 57
105 106 107 107 107 107 107 107 107 108 108 108 108 108 108 108 -9999 -9999 112 113 115 116 118 119 120 120 119 119 117 117 115 115 114 112 111 110 109 109 106 106 105 104 102 102 101 101 99 98 98 98 95 95 95 93 92 92 91 90 88 88 85 84 83 81 79 79 77 76 75 73 72 71 69 69 69 68 66 65 65 65 62 61 61 59 58 57 57 55
106 107 107 105 107 107 107 107 107 107 107 108 108 -9999 -9999 -9999 -9999 -9999 113 114 115 117 119 120 120 120 119 119 119 118 117 117 116 114 112 111 110 109 109 106 106 105 104 102 102 101 100 98 98 96 96 95 94 93 92 91 91 88 88 88 85 84 82 81 79 78 76 76 75 73 72 71 69 68 68 66 66 66 65 62 62 61 59 58 57 56 55 54
-9999 -9999 -9999 -9999 -9999 106 106 -9999 -9999 -9999 -9999 -9999 -9999 -9999 -9999 -9999 112 113 114 115 116 118 120 120 121 121 122 121 121 119 119 118 117 115 114 113 111 109 109 108 106 105 105 102 102 101 100 98 98 96 96 95 93 93 92 91 90 88 88 87 85 83 82 80 79 78 76 76 73 73 72 69 69 68 67 66 65 64 63 62 62 59 58 58 55 55 54 54
-9999 -9999 -9999 -9999 -9999 -9999 -9999 -9999 -9999 -9999 -9999 -9999 -9999 -9999 110 112 112 114 115 116 117 119 120 120 122 122 121 121 121 120 120 119 117 116 115 114 112 111 110 108 108 105 105 104 102 101 100 98 98 96 96 93 93 92 91 90 88 88 87 86 85 84 82 80 78 77 76 75 73 72 71 69 69 67 66 66 65 64 63 63 61 59 58 56 55 55 54 52
-9999 -9999 -9999 -9999 -9999 -9999 -9999 -9999 -9999 109 109 109 111 111 111 112 113 114 115 116 117 120 120 121 122 122 121 121 120 120 120 119 118 117 115 114 114 111 110 110 108 107 105 104 102 101 100 98 98 96 95 93 93 91 90 90 88 88 86 85 84 83 81 80 77 77 77 74 73 71 70 69 68 67 66 64 63 63 63 62 60 59 57 56 55 53 52 52
-9999 -9999 -9999 -9999 -9999 -9999 -9999 108 108 109 110 110 111 111 113 113 114 114 116 117 118 120 120 122 122 122 122 122 122 121 120 119 118 117 115 114 114 112 110 110 109 107 106 104 103 101 100 98 97 96 94 93 93 90 90 88 88 86 85 84 84 82 81 79 77 77 76 74 73 71 70 68 68 67 65 65 63 62 62 61 60 58 56 56 54 52 52 51
105 105 -9999 -9999 -9999 108 108 108 108 109 110 110 111 112 113 113 114 115 116 116 118 119 119 121 121 121 121 121 121 121 121 121 118 117 116 115 114 113 111 110 109 108 106 104 103 101 99 98 96 96 93 93 90 90 89 87 86 86 85 84 83 81 81 78 78 77 75 74 72 72 70 68 68 66 65 64 63 62 61 61 59 57 56 55 53 52 51 50
-9999 106 107 107 107 108 109 109 110 110 111 112 112 112 113 113 115 115 116 118 118 118 119 121 121 121 121 121 121 121 121 120 118 117 116 115 114 113 113 110 109 109 106 104 102 101 99 98 96 95 93 93 90 90 88 87 86 85 84 83 81 81 79 79 78 75 75 73 73 71 69 68 67 66 66 63 63 62 61 60 58 57 55 54 53 51 51 50
-9999 106 107 107 108 109 109 109 111 111 111 112 112 113 114 115 115 116 116 118 118 119 119 120 121 121 121 121 120 120 119 119 118 117 116 116 114 112 111 110 109 108 106 105 102 100 99 97 96 94 93 92 90 89 88 86 85 85 84 82 81 81 79 78 77 75 75 73 71 70 69 68 66 66 65 63 63 62 60 59 58 56 56 54 52 51 50 49
-9999 -9999 107 108 108 109 109 110 111 111 112 112 114 114 115 115 116 117 117 118 118 120 120 121 121 121 121 122 121 120 120 120 119 117 116 115 113 112 111 110 109 107 106 103 102 100 99 96 96 93 93 90 90 89 87 86 85 83 82 81 81 80 78 78 75 75 73 72 71 70 70 67 67 66 64 64 62 61 59 58 57 55 55 54 52 51 50 48
-9999 -9999 108 108 108 109 110 110 111 111 113 113 114 114 115 116 117 117 118 118 120 120 120 121 121 121 120 120 121 120 120 120 118 116 115 115 113 112 111 110 108 106 104 103 101 99 97 96 94 93 91 90 89 88 86 86 83 83 82 81 80 78 78 76 75 75 72 72 70 69 68 67 67 65 64 64 62 62 60 58 56 55 55 53 52 51 49 48
-9999 -9999 -9999 -9999 -9999 -9999 110 111 112 113 114 114 115 116 116 116 117 118 119 119 120 120 120 121 120 120 121 120 121 121 119 119 118 116 116 115 113 111 110 108 107 105 104 101 101 99 97 95 94 93 91 89 88 87 86 85 83 83 81 80 78 78 78 76 75 74 72 71 70 69 68 67 66 64 64 62 62 62 59 58 57 56 54 53 52 50 48 48
-9999 -9999 -9999 -9999 -9999 -9999 111 111 113 114 114 115 116 117 117 118 117 119 119 120 120 120 121 120 120 121 121 121 121 121 119 119 118 116 116 114 112 111 110 108 106 104 103 101 100 97 97 94 94 91 91 88 88 85 85 83 82 81 80 80 78 78 75 75 75 73 72 71 69 69 67 66 64 64 63 62 62 60 58 58 57 55 54 54 53 51 50 48
-9999 -9999 -9999 -9999 -9999 -9999 113 114 114 114 115 116 117 117 117 119 119 119 119 120 120 121 122 121 121 121 121 121 121 120 120 119 119 116 114 114 112 111 109 107 106 104 103 101 99 98 96 94 93 91 89 88 86 85 85 82 82 80 79 78 77 77 75 75 73 72 72 71 69 68 67 66 65 64 63 62 61 59 58 57 56 55 54 53 52 51 50 47
-9999 -9999 -9999 110 111 112 113 114 116 116 117 117 119 118 119 119 120 119 121 121 122 122 121 121 122 122 122 122 120 120 120 119 118 117 114 113 112 109 109 107 105 103 102 100 99 96 95 93 92 90 89 87 86 85 83 82 81 79 78 77 77 75 74 73 72 72 71 70 69 68 67 66 65 63 62 62 61 58 58 57 56 55 53 53 52 51 50 49
-9999 -9999 111 111 113 113 115 116 117 119 118 119 119 120 120 121 121 122 121 122 122 122 122 122 122 122 122 121 121 120 120 119 118 117 114 112 111 109 107 105 105 103 101 99 98 96 95 92 92 89 88 86 85 83 83 82 80 79 77 76 75 75 73 72 71 70 70 69 68 67 66 65 64 63 62 61 60 58 57 57 55 55 53 52 51 51 50 49
-9999 -9999 113 113 114 116 116 117 118 119 120 121 122 121 122 122 122 122 123 123 123 124 124 123 123 123 123 122 122 122 120 120 118 115 114 112 111 108 107 105 103 101 101 99 97 96 94 92 92 89 87 85 85 83 82 80 80 78 77 76 74 73 72 72 70 69 69 68 67 67 65 64 64 62 61 60 60 57 57 56 55 54 53 51 51 51 50 49
-9999 -9999 114 114 116 117 119 119 121 122 122 122 123 124 123 124 124 124 124 124 124 124 124 124 124 124 123 122 122 122 120 120 118 115 114 111 110 108 107 104 103 102 101 99 97 96 94 92 90 89 87 85 84 82 81 79 79 77 76 74 74 71 71 71 69 69 69 66 66 66 64 63 63 62 60 60 59 57 56 56 54 54 54 52 51 50 50 50
113 114 115 117 118 120 121 122 123 124 125 124 125 124 126 125 126 126 126 126 125 126 126 125 124 124 123 123 122 121 121 120 118 115 114 111 110 109 106 105 103 101 99 98 96 95 93 91 90 88 87 85 84 82 81 79 78 76 75 73 73 71 71 71 68 68 67 66 65 64 63 62 62 60 60 59 59 57 56 56 54 53 53 53 51 50 50 49
114 116 117 120 121 123 124 125 125 127 128 127 128 127 128 127 127 127 127 127 127 126 126 127 126 126 125 124 124 122 122 120 118 116 113 112 110 107 105 104 103 100 99 98 95 95 93 91 90 88 87 86 83 82 80 79 77 76 74 73 71 70 70 69 67 67 65 65 65 65 62 62 62 60 59 59 59 57 56 55 54 53 53 53 51 50 50 49
117 117 120 122 124 125 127 128 129 130 130 130 130 130 129 130 129 129 129 129 128 129 128 128 128 126 126 125 124 123 122 120 117 115 113 112 109 107 105 103 102 100 98 96 95 94 91 91 89 88 86 86 83 80 80 77 77 74 74 72 71 70 68 67 67 65 64 64 64 63 62 61 61 60 58 58 57 57 56 55 55 53 53 53 52 51 51 49
117 120 122 125 128 128 131 131 133 134 133 134 134 133 132 132 132 131 132 131 131 130 131 130 129 128 128 126 126 124 123 120 119 115 114 111 109 107 106 103 102 100 98 96 96 93 92 91 90 88 86 84 83 81 79 76 76 74 73 70 70 69 68 66 66 65 64 64 64 62 61 61 60 59 59 58 56 56 56 56 55 53 53 53 52 52 51 49
121 123 126 129 130 133 134 136 136 138 138 138 137 137 135 135 135 134 133 134 133 133 133 132 131 130 129 128 126 125 123 121 119 117 114 113 110 109 106 104 102 100 98 96 94 92 92 90 88 87 84 84 81 80 77 76 74 73 71 70 70 69 67 66 65 64 64 63 62 62 60 60 59 59 58 58 57 56 56 55 55 55 53 52 52 52 52 50
122 125 130 133 134 137 139 140 142 142 142 142 141 141 140 139 137 137 136 137 136 136 136 135 133 132 131 130 128 127 125 122 120 117 115 112 111 108 106 104 102 99 97 97 94 93 92 90 87 85 83 83 80 78 77 74 73 72 70 69 70 70 67 64 64 63 62 61 61 61 61 60 58 58 58 58 58 57 55 55 55 55 54 53 52 52 52 51
