RDATA/clipped/fe_buffer_bio15.asc
NCOLS 1344 
NROWS 672 
XLLCORNER -43 
YLLCORNER 25 
CELLSIZE 0.0833333333333333 
NODATA_value -9999 
[rows 480 to 519 of 672, columns 1170 to 1259 of 1344]
48 48 48 48 50 53 53 54 54 55 50 56 55 51 51 55 55 55 56 57 50 55 55 51 55 53 52 55 55 53 53 53 53 52 52 52 57 57 58 58 58 57 57 58 58 58 58 58 58 58 58 59 59 59 59 60 60 60 60 68 68 62 62 62 62 67 68 68 63 63 64 65 65 65 67 66 66 69 69 69 69 69 69 69 71 71 72 65 65 65
50 49 48 50 51 53 55 53 56 55 56 57 52 52 51 56 55 56 56 50 50 51 51 51 52 51 51 53 56 54 53 53 53 53 52 52 52 52 59 59 59 58 58 59 58 58 58 58 58 58 59 59 59 59 59 60 60 60 60 68 62 62 62 62 62 62 63 63 63 63 65 65 65 67 67 67 68 69 69 69 69 69 69 71 72 72 72 72 66 65
49 49 51 51 53 53 55 56 56 56 56 56 52 53 54 54 54 52 53 52 52 52 53 52 52 52 52 52 56 55 54 54 53 53 53 54 52 52 52 53 53 53 58 59 59 59 58 58 58 58 59 59 59 59 60 60 60 60 61 62 62 62 62 62 62 63 63 63 63 65 65 65 65 67 67 68 69 70 70 70 70 71 72 72 72 72 72 72 65 65
50 51 53 53 53 55 56 53 53 53 57 59 53 54 55 55 55 54 53 53 53 53 53 54 54 53 53 52 55 57 55 54 54 53 53 54 54 54 54 54 55 55 55 54 61 60 59 59 59 59 59 59 59 60 60 60 60 60 63 63 62 62 62 62 63 63 63 64 64 66 66 66 66 67 68 69 69 70 70 71 71 72 72 72 72 72 65 65 65 65
50 51 51 51 57 56 56 53 53 53 53 54 54 55 55 56 55 56 55 55 55 55 54 55 55 55 55 53 53 57 57 56 54 54 53 54 54 54 55 56 56 55 55 55 61 61 61 61 61 62 62 61 62 60 62 60 60 62 63 63 63 62 62 62 64 64 64 64 66 66 66 66 66 68 69 70 70 71 71 72 72 72 72 72 65 66 65 65 65 65
52 51 51 53 53 53 53 56 56 55 56 56 57 57 57 56 52 52 56 51 52 52 52 52 56 56 56 55 54 54 53 57 56 55 55 55 56 56 55 56 56 56 57 55 55 61 61 61 61 62 62 62 63 62 62 63 63 64 64 64 64 64 62 64 64 64 64 64 67 67 67 67 70 70 70 70 70 71 72 72 72 72 72 65 66 65 65 66 67 69
57 56 57 57 53 56 56 56 56 56 57 57 57 56 53 53 53 53 54 54 54 53 52 52 52 53 56 56 56 56 56 53 57 56 56 56 56 56 56 57 56 56 57 57 55 61 61 61 61 62 62 63 63 63 64 63 63 64 64 64 64 64 66 66 66 66 66 67 67 67 67 68 70 70 70 70 71 72 72 72 72 72 66 66 66 66 67 68 69 69
51 52 51 52 52 53 53 55 55 56 56 57 57 54 54 54 53 53 53 55 55 55 55 54 54 55 55 54 53 53 56 56 53 53 53 57 56 56 56 57 57 57 57 57 57 61 61 61 61 62 63 63 63 64 64 64 64 64 64 64 65 66 66 66 66 66 67 67 67 67 68 70 70 70 70 70 72 72 72 66 66 66 66 66 66 68 68 69 69 70
51 51 51 53 53 50 54 53 55 55 57 54 53 55 56 55 55 55 55 57 56 55 55 55 55 55 55 55 55 55 53 56 55 53 53 53 53 57 59 58 59 59 58 57 57 57 57 62 62 62 63 63 64 64 64 64 66 66 65 65 66 66 66 66 66 67 67 67 67 68 70 70 70 70 70 72 72 66 66 66 66 66 66 67 68 69 69 70 70 70
51 52 52 52 53 53 54 55 54 56 52 53 53 55 55 52 57 56 55 53 54 54 53 53 53 57 56 56 56 56 55 56 56 54 53 53 54 60 55 59 59 59 59 57 57 57 56 63 63 63 63 63 64 64 64 65 66 66 66 66 66 66 66 66 68 68 67 67 68 70 70 70 70 70 71 66 66 66 66 66 66 66 67 68 69 69 70 70 78 71
52 53 53 54 55 55 56 52 56 57 57 52 53 54 56 56 53 53 56 54 55 55 55 55 53 58 57 56 56 56 56 56 57 56 54 55 56 56 56 60 59 59 58 58 57 57 63 63 63 63 63 63 64 65 65 67 67 67 69 69 68 66 66 68 68 68 70 69 70 71 71 71 65 65 67 67 67 67 66 67 67 67 69 69 69 70 70 78 72 72
54 54 54 51 51 51 51 51 51 54 55 54 56 55 56 53 53 53 53 56 57 56 56 56 54 54 53 53 53 57 57 57 57 57 57 55 56 57 57 56 61 59 59 59 59 59 59 63 63 63 63 64 64 65 65 67 67 69 69 69 69 68 69 69 69 70 71 65 65 65 65 65 65 67 67 67 67 67 67 67 70 71 69 69 70 70 78 72 72 71
50 50 51 51 51 52 54 54 54 55 55 56 56 57 53 53 53 53 53 55 57 57 56 56 54 54 54 54 54 54 54 57 57 57 57 57 57 57 57 57 57 61 59 59 59 60 61 63 63 63 63 64 65 65 65 66 67 69 69 69 69 64 69 63 63 71 65 65 66 66 65 65 67 67 67 67 67 68 68 71 71 71 71 70 78 71 72 72 72 72
52 53 52 52 52 52 54 55 51 51 52 53 53 54 54 54 54 56 55 55 55 55 56 56 56 56 56 56 55 55 55 55 55 54 58 58 58 57 58 57 57 57 61 59 60 61 61 61 65 65 64 66 66 65 67 67 67 69 69 69 64 64 64 63 71 65 66 66 66 66 67 67 67 67 67 68 68 69 71 71 71 71 71 72 73 72 72 72 72 74
50 54 55 53 52 54 54 56 52 52 54 55 55 56 56 57 57 57 53 53 52 53 54 54 54 58 57 57 57 58 57 56 56 56 56 56 60 59 59 59 58 58 57 61 60 61 62 61 61 60 67 67 67 67 67 67 62 70 63 64 64 64 64 65 66 66 66 66 66 67 68 68 67 68 68 68 69 71 71 71 71 72 72 73 73 73 72 74 74 74
55 52 52 55 53 54 52 52 53 55 55 56 57 58 54 54 54 55 54 55 55 55 56 55 54 54 55 55 58 58 58 58 57 56 56 57 56 56 60 60 59 58 58 57 62 60 62 61 61 62 61 61 61 61 61 63 63 63 70 65 65 65 66 67 68 67 67 69 69 69 69 68 68 69 69 70 71 71 71 71 72 73 73 73 73 75 75 74 74 74
58 59 53 56 55 53 55 54 55 56 53 54 56 56 56 56 56 57 56 56 56 56 56 56 57 57 56 56 55 55 55 55 58 55 60 58 58 57 56 61 60 59 58 58 59 62 61 62 61 62 62 62 68 68 63 63 63 63 64 65 65 65 66 66 66 68 69 69 70 68 70 70 70 70 70 71 71 71 72 72 73 73 73 74 75 75 75 75 74 75
50 53 53 52 53 53 55 56 53 54 55 55 57 57 57 58 59 59 59 54 58 57 59 58 58 58 57 57 57 57 57 57 55 55 60 60 59 58 57 58 58 61 60 59 59 59 62 62 62 62 63 63 63 64 64 64 64 66 66 66 66 67 68 68 67 67 67 68 68 70 70 71 72 72 72 72 72 72 72 73 73 73 75 75 75 75 76 76 76 76
48 50 51 53 53 55 56 55 55 56 58 58 55 56 56 56 57 56 56 55 56 56 56 56 56 56 56 59 59 58 58 57 57 56 57 60 60 59 59 58 58 58 61 61 60 59 64 63 64 63 63 64 65 65 64 66 66 66 66 67 67 68 68 68 69 70 70 70 70 69 71 71 72 72 73 73 73 72 73 73 73 75 75 75 76 76 76 76 76 75
49 49 52 53 55 52 55 55 57 58 55 56 58 58 58 58 58 59 57 58 57 58 57 58 58 57 57 57 56 56 57 59 59 59 58 58 58 62 60 60 60 58 63 62 62 61 59 66 64 64 64 65 65 65 66 66 66 67 67 68 68 69 69 69 70 70 70 70 70 70 69 72 71 72 72 72 72 73 73 73 74 74 73 73 74 75 75 75 76 76
50 52 52 51 54 55 57 57 58 55 57 59 59 60 56 57 57 60 56 55 55 56 56 60 59 59 59 59 58 57 56 57 60 60 60 59 58 58 58 62 60 61 60 59 63 62 61 66 66 65 66 65 66 66 68 69 69 69 69 64 71 71 69 70 70 70 71 71 71 71 72 73 73 73 72 72 73 73 74 74 74 74 74 74 75 75 75 76 76 77
53 53 51 52 53 56 56 55 55 57 58 57 57 58 58 58 58 58 58 58 58 57 58 57 57 57 57 60 59 59 59 59 58 59 62 61 61 60 60 59 59 61 61 60 61 64 63 62 68 67 68 68 68 64 64 64 65 64 64 64 64 66 73 73 73 73 72 72 72 72 73 73 73 73 73 72 74 74 74 74 74 76 76 75 75 76 76 77 77 78
53 50 52 53 54 56 54 55 58 59 57 58 58 55 55 56 59 59 58 58 58 58 59 59 58 58 58 57 58 61 61 60 60 59 59 59 58 62 60 60 60 60 59 63 61 61 66 65 66 64 64 64 64 65 66 66 66 66 66 66 66 66 67 67 67 67 68 68 74 73 73 73 73 73 74 74 75 74 76 76 76 76 76 77 77 77 77 77 78 80
49 51 52 53 55 52 55 54 56 57 58 56 56 57 58 58 59 58 56 57 56 56 56 60 59 59 59 60 58 58 57 62 62 61 61 61 61 60 63 63 62 62 61 59 63 63 63 67 67 67 67 67 66 68 68 67 67 67 67 69 69 69 69 69 69 69 69 69 69 76 76 75 75 75 75 76 76 77 76 76 76 76 77 77 78 78 78 79 80 81
50 52 53 51 52 54 56 54 56 57 56 58 57 57 59 56 55 57 60 59 58 58 58 57 58 57 60 61 61 60 60 60 59 59 63 63 62 61 61 60 63 63 62 62 62 61 66 65 64 65 65 69 69 65 65 65 70 69 69 69 70 70 69 70 70 69 69 69 69 70 70 70 75 75 75 76 77 77 77 77 77 77 78 78 79 80 80 80 81 82
52 52 50 52 53 55 56 55 57 58 55 57 58 59 56 56 57 56 57 57 59 59 58 57 60 59 59 58 58 61 62 62 61 61 61 60 59 63 63 63 61 61 60 64 64 64 62 62 68 68 68 68 67 67 67 66 66 66 66 66 73 72 71 71 72 72 71 71 72 72 71 70 70 70 70 71 78 78 78 77 78 78 78 79 80 81 81 81 81 82
50 51 52 53 55 53 55 57 55 57 57 58 56 57 58 58 58 58 58 59 59 60 58 60 59 60 60 60 60 60 59 63 63 63 62 61 61 61 60 64 64 64 64 61 61 66 67 65 65 65 69 69 69 69 69 69 69 67 67 68 68 68 68 68 73 73 72 71 73 72 72 72 72 72 71 71 78 78 79 79 78 79 79 81 81 81 74 76 77 84
51 51 53 55 53 54 57 58 57 58 59 57 58 58 59 60 60 60 60 60 60 58 58 59 60 61 61 58 61 60 61 60 60 60 63 63 62 62 62 61 61 65 65 64 64 64 64 69 67 67 67 66 66 66 70 70 70 70 70 70 69 69 68 68 68 74 73 74 74 75 73 72 72 72 72 72 74 80 79 79 80 80 81 81 74 74 75 78 78 78
50 53 54 56 54 55 57 55 57 60 57 59 59 60 61 58 59 59 59 59 59 60 61 61 62 59 62 61 61 60 63 62 62 61 61 61 61 63 63 63 63 63 62 62 67 68 67 65 65 65 70 70 70 67 67 68 68 73 72 72 72 71 70 70 70 70 70 75 74 75 75 74 72 73 73 74 74 74 74 74 75 75 74 74 75 76 76 78 79 79
52 53 52 54 54 57 55 57 59 57 58 59 61 62 59 59 59 60 59 59 62 59 62 63 63 61 63 61 64 62 62 61 63 63 63 63 63 62 62 61 65 64 64 64 64 65 64 68 68 69 68 66 71 71 71 69 69 69 69 69 72 72 72 72 71 71 70 71 76 76 75 75 75 74 74 74 74 74 75 75 75 75 75 75 76 76 78 79 79 81
53 51 52 54 57 55 56 58 57 58 59 60 58 59 59 59 60 60 61 61 62 62 59 60 61 62 61 63 64 67 63 63 62 65 63 62 65 65 65 64 64 64 64 64 63 68 67 66 66 71 70 70 69 68 67 67 70 72 71 71 70 69 74 74 73 73 73 73 72 71 77 75 75 76 75 76 76 76 75 75 75 76 76 76 76 77 79 80 82 82
49 51 53 55 53 55 57 57 58 59 57 58 60 60 60 62 62 62 59 60 60 60 60 62 62 62 62 64 64 66 66 67 66 62 64 65 64 63 63 63 66 66 66 66 66 66 66 69 69 69 68 67 72 70 69 69 68 72 73 72 71 71 71 69 74 74 74 73 73 73 72 77 77 77 77 77 77 77 76 75 76 76 76 76 79 79 80 82 82 83
51 53 53 52 54 57 56 57 59 61 59 61 62 63 63 63 61 61 62 63 63 64 62 62 62 64 64 64 63 67 66 66 66 67 66 63 64 66 65 65 64 65 65 65 64 67 69 69 71 71 70 68 68 68 72 70 69 70 70 73 73 73 71 71 71 74 76 76 73 73 73 73 78 78 77 78 77 77 78 77 76 76 76 79 79 79 82 83 85 86
53 53 52 53 56 55 57 59 59 61 61 63 59 60 61 62 62 63 63 60 64 65 62 63 63 64 65 65 66 67 66 65 68 68 67 66 66 67 68 67 67 67 67 67 67 66 67 70 69 70 68 72 70 71 68 68 73 71 71 70 74 74 73 72 72 72 77 76 76 75 73 75 75 78 78 79 78 78 78 78 78 77 79 79 79 81 83 85 86 81
50 52 53 55 54 56 59 58 60 62 60 61 62 63 63 65 64 64 64 64 65 62 63 64 64 65 67 68 65 66 65 67 66 67 69 70 68 67 66 66 67 67 66 66 66 66 70 69 68 71 70 69 69 71 71 70 70 73 73 71 72 74 74 74 72 73 78 77 77 76 76 75 75 74 73 80 80 78 79 79 79 79 79 80 81 82 85 85 81 82
51 52 54 53 55 58 58 60 62 61 62 63 64 61 61 62 63 63 64 62 64 64 64 66 66 66 68 65 66 67 68 68 67 68 70 70 67 69 66 66 69 68 69 67 66 68 69 72 71 70 72 72 70 73 72 72 72 70 74 74 73 72 71 75 75 75 74 74 72 78 77 76 76 75 74 80 80 80 79 79 79 79 81 82 81 83 85 81 81 84
49 50 52 54 55 57 59 60 61 63 61 62 63 64 65 64 65 65 65 64 64 64 64 64 64 65 65 67 65 66 68 66 68 69 68 70 69 68 68 69 71 69 66 69 67 68 68 70 70 73 71 70 72 70 70 74 73 72 71 75 75 73 73 71 77 75 75 74 74 78 78 79 76 76 75 76 75 82 80 79 80 80 82 82 83 86 80 82 84 85
51 51 53 56 56 59 59 61 61 63 62 63 63 64 64 63 66 63 66 65 65 65 64 64 66 65 66 66 64 66 68 67 67 67 68 68 71 70 70 70 70 69 70 68 70 70 67 70 71 71 73 71 70 72 72 75 74 73 72 72 76 75 73 73 73 77 77 76 77 75 74 79 79 77 77 77 76 82 81 81 80 82 82 82 77 78 80 83 84 87
48 51 52 53 58 59 58 59 61 64 65 66 65 65 65 65 65 64 65 66 66 66 66 65 66 65 66 66 66 67 66 67 68 66 67 70 69 70 71 69 71 69 69 71 71 69 70 72 69 72 71 71 73 74 73 72 75 75 74 73 72 76 75 74 74 73 77 79 77 77 75 74 79 80 78 78 77 76 82 82 81 82 82 83 84 79 81 83 85 82
49 52 54 53 56 58 59 63 63 64 65 66 66 65 67 67 64 65 66 66 67 66 66 66 66 65 65 66 65 66 67 67 65 69 69 70 69 71 70 72 71 71 73 72 71 73 72 70 70 70 73 70 70 72 72 74 73 73 75 75 73 74 76 77 75 75 79 80 79 78 77 76 76 80 79 78 78 78 83 83 83 82 82 83 84 79 82 86 81 84
