RDATA/clipped/fe_buffer_bio15.asc
NCOLS 1344 
NROWS 672 
XLLCORNER -43 
YLLCORNER 25 
CELLSIZE 0.0833333333333333 
NODATA_value -9999 
[rows 600 to 639 of 672, columns 1170 to 1259 of 1344]
93 89 98 98 98 96 94 91 91 102 95 95 102 103 97 97 92 92 100 90 96 94 93 95 95 89 87 99 99 97 94 92 92 95 90 95 91 97 95 91 91 90 90 88 88 88 88 94 94 94 96 96 84 86 88 89 89 85 95 95 84 91 89 91 93 86 82 93 93 86 93 88 82 94 90 88 85 82 100 95 94 95 92 97 93 96 103 104 108 108
94 95 94 92 92 100 97 98 94 94 96 99 98 95 96 98 98 91 92 93 95 91 91 92 98 90 87 93 92 89 92 97 95 91 97 94 96 97 93 93 91 90 90 88 86 86 86 86 91 91 91 94 96 98 84 84 84 85 95 84 84 87 89 88 93 93 82 86 84 88 86 93 88 94 88 85 84 100 97 97 97 95 94 94 96 99 101 101 102 106
92 94 95 90 93 98 95 92 101 99 98 99 100 93 102 100 93 99 98 91 92 94 95 96 96 101 94 89 90 95 90 91 95 92 94 94 99 97 93 93 93 91 88 88 86 86 85 99 99 87 91 91 91 91 91 98 84 84 84 85 87 89 91 93 91 93 86 90 88 90 90 85 90 92 90 84 84 97 97 97 95 95 95 97 94 97 101 101 102 102
91 93 89 91 95 92 97 99 97 95 94 103 103 92 94 96 94 97 95 90 92 96 94 92 100 93 95 94 94 88 93 92 90 91 92 89 98 100 95 93 93 90 88 88 88 86 99 99 96 99 86 90 90 91 91 91 91 94 84 85 85 89 91 93 93 93 90 82 90 86 90 88 88 85 96 85 84 100 100 99 97 97 97 97 98 97 101 98 102 102
91 94 92 90 92 89 91 92 93 97 95 99 96 94 94 95 98 100 93 93 91 89 95 92 98 96 96 97 98 90 86 85 90 94 94 95 96 101 95 93 93 91 88 88 88 85 99 99 96 91 99 85 85 87 88 88 90 94 97 84 85 88 91 93 93 93 87 88 83 81 89 85 90 83 89 89 84 98 98 98 95 97 97 100 98 100 98 98 101 102
93 90 92 90 92 92 94 91 93 90 95 97 95 98 99 99 99 102 95 97 96 96 91 92 92 96 95 101 101 96 89 81 84 88 85 91 90 88 95 93 91 91 88 88 86 102 99 99 94 94 91 97 85 87 87 88 91 94 94 94 86 88 91 93 93 83 82 82 82 88 86 83 84 92 89 92 85 96 98 97 95 94 97 98 96 98 98 98 101 102
100 95 90 93 94 95 93 87 89 89 89 93 92 96 102 93 94 95 95 99 100 96 93 91 92 95 94 98 94 96 91 94 93 89 93 90 95 89 97 93 91 89 88 84 100 100 100 92 91 91 94 94 97 82 86 87 88 91 90 94 86 86 91 89 91 85 83 90 84 90 88 88 88 83 91 91 85 96 100 100 98 98 98 98 101 101 98 102 101 103
101 95 96 91 92 92 92 95 94 85 91 94 96 99 100 96 97 98 98 101 94 95 97 94 94 92 94 92 98 97 97 98 92 92 86 95 97 97 97 90 91 100 100 100 100 97 97 92 92 91 91 97 97 97 97 86 87 88 94 96 86 85 89 89 95 82 88 86 82 83 92 87 87 83 88 91 84 98 99 100 98 98 97 101 101 101 97 99 99 101
101 95 95 97 99 92 98 94 91 86 92 95 97 94 99 100 99 96 96 96 97 99 99 99 100 99 92 92 96 99 98 98 97 93 84 89 97 99 96 88 91 88 101 100 97 97 97 95 95 89 88 95 97 97 82 82 87 87 94 96 84 86 87 89 87 86 90 86 89 82 92 87 90 82 86 91 84 97 99 99 102 101 101 101 99 98 99 99 99 100
103 104 96 96 98 99 99 93 94 90 90 91 93 97 93 95 93 99 97 96 95 94 98 99 96 94 97 100 93 101 98 98 97 95 82 88 92 96 96 96 95 87 96 96 96 96 96 94 93 89 89 93 95 95 82 82 82 87 90 94 96 84 85 89 87 82 90 89 85 84 92 92 85 91 90 93 88 101 101 100 100 97 97 97 98 102 101 99 101 99
99 98 97 97 99 100 100 100 100 93 93 95 95 96 97 93 95 90 93 96 97 95 94 95 96 96 99 98 99 94 99 98 96 97 89 83 87 97 99 90 91 93 97 97 97 94 94 93 93 90 88 89 92 89 96 82 82 82 90 92 97 97 85 87 86 90 86 83 85 88 91 91 85 93 94 99 88 101 101 101 100 98 98 102 102 102 102 99 99 101
103 101 100 100 100 101 101 101 102 100 101 94 97 93 91 93 92 90 92 92 88 92 94 98 94 90 94 93 97 97 96 97 94 90 88 79 80 87 85 97 98 99 102 97 94 91 94 94 93 90 90 85 85 84 94 97 82 82 87 90 92 94 94 85 82 84 89 86 84 93 91 92 88 85 83 88 93 87 87 104 104 104 102 102 102 102 102 98 98 98
101 105 103 104 104 103 96 97 97 98 96 96 99 96 94 87 87 91 90 89 91 93 91 94 93 94 90 92 91 94 94 86 84 90 90 89 82 89 90 89 93 93 90 97 93 91 91 91 88 88 88 85 85 85 85 86 91 93 95 98 85 88 92 98 94 86 85 88 88 86 91 93 88 86 85 96 86 96 89 105 104 104 102 100 100 100 100 100 98 99
106 104 104 103 101 100 99 99 98 99 98 99 99 95 93 93 89 87 88 88 88 90 90 91 96 96 94 95 95 94 89 88 80 84 87 89 84 82 88 91 93 93 93 100 93 93 86 86 86 86 86 85 85 85 85 85 89 93 95 97 85 85 90 92 93 83 86 84 88 85 95 93 85 84 87 93 88 99 94 92 92 104 102 100 100 100 100 98 99 99
102 102 97 97 99 104 102 101 99 99 100 98 101 95 96 93 90 92 90 91 88 86 87 87 94 91 96 96 89 89 91 89 88 88 82 86 87 87 87 91 92 95 94 100 94 91 86 86 86 85 85 85 85 85 85 85 92 92 97 97 97 85 90 91 86 87 84 86 91 91 88 86 85 87 87 91 93 97 99 96 92 108 106 102 100 100 100 101 99 99
100 100 101 99 103 101 104 103 101 100 99 100 100 101 95 96 93 90 92 89 91 90 86 87 93 89 90 93 89 89 88 88 87 90 88 89 87 86 90 92 86 92 97 88 97 92 91 91 86 86 85 85 85 85 85 85 85 93 95 97 97 84 90 88 89 82 84 91 85 88 87 94 89 91 92 85 94 93 90 93 96 92 107 106 104 105 101 101 97 97
97 100 99 103 98 103 101 99 104 102 101 100 101 100 95 96 92 95 91 89 90 87 86 85 87 91 85 85 83 87 88 86 87 87 88 89 87 86 87 89 93 95 88 95 90 97 92 92 89 83 83 83 85 85 85 85 85 91 90 97 98 100 86 100 96 83 84 87 90 83 89 86 87 86 90 88 91 91 91 91 96 99 94 106 105 104 104 104 104 98
99 95 101 97 102 102 100 100 101 104 103 102 102 102 95 98 93 96 94 88 92 84 83 82 83 87 90 84 82 85 84 86 85 80 84 90 90 87 87 86 89 84 89 96 87 88 97 94 90 89 87 87 89 89 85 85 85 91 90 93 96 98 101 90 96 88 88 82 90 88 89 90 92 85 90 87 95 95 95 89 86 101 104 94 111 106 106 104 104 104
100 96 95 99 98 99 98 97 98 99 105 97 103 103 95 97 93 94 96 94 88 92 88 88 87 86 83 80 82 85 82 80 80 79 82 87 88 88 90 86 86 88 91 93 87 90 88 97 94 88 89 89 91 89 89 88 88 91 91 93 96 98 101 89 102 86 86 87 88 87 89 83 85 87 91 89 96 97 95 95 94 92 90 104 98 111 110 110 110 106
101 100 98 104 99 96 97 94 99 101 100 98 98 97 97 96 102 98 93 96 90 92 88 89 84 87 83 80 83 89 84 82 78 79 86 86 88 85 86 85 87 86 86 88 87 85 95 85 85 95 91 92 91 91 89 88 88 92 91 93 96 99 89 89 101 85 83 84 88 88 89 83 88 90 86 91 88 88 93 100 95 88 85 92 105 97 113 110 110 110
98 105 99 103 101 101 97 94 95 101 102 101 100 100 98 97 97 97 93 94 92 90 90 89 88 88 88 86 85 89 86 88 82 82 85 84 84 84 87 91 93 89 84 88 84 88 87 86 89 90 94 91 94 94 92 89 92 92 91 97 97 104 89 90 98 96 98 92 84 87 85 89 87 88 86 91 93 91 89 91 96 93 88 89 100 104 97 97 97 97
100 103 108 104 105 100 99 101 99 101 102 103 95 96 95 98 98 97 92 93 91 92 92 93 93 93 88 89 88 90 90 86 82 83 85 84 84 80 87 84 89 91 90 86 92 89 88 88 83 85 98 97 93 95 93 95 95 95 97 98 99 103 89 92 101 97 89 84 93 95 85 88 91 86 85 87 88 87 85 90 93 93 93 89 101 94 109 99 102 98
95 103 108 105 105 104 103 104 102 100 99 99 97 92 97 99 98 97 98 93 94 94 91 89 92 90 89 92 90 89 88 87 86 83 81 82 82 80 85 86 82 93 85 94 85 88 93 90 89 86 98 88 88 93 97 95 95 97 98 99 104 89 90 92 101 97 87 86 92 95 94 89 91 92 86 87 88 88 87 89 95 100 104 89 103 94 95 109 102 99
101 101 104 107 106 103 103 102 102 102 101 102 101 100 94 100 100 99 94 96 95 91 94 91 89 93 92 90 90 89 92 89 89 87 82 85 84 83 86 85 84 82 85 85 85 96 81 91 87 88 88 86 86 99 99 100 97 98 101 104 93 93 92 95 101 96 93 87 87 95 95 88 90 92 86 88 88 88 89 99 101 105 100 100 100 108 104 104 102 99
102 102 98 100 109 105 104 102 102 101 100 97 95 98 93 98 100 98 91 90 93 92 93 93 88 89 88 95 93 93 95 88 91 87 87 88 83 89 91 92 83 80 83 85 85 87 85 90 90 86 88 86 87 99 100 103 103 101 105 93 93 99 96 98 98 94 93 84 89 86 95 88 91 86 87 83 88 87 90 99 93 97 105 100 110 104 104 103 98 97
96 98 98 100 100 102 105 104 103 102 100 100 98 95 94 95 97 96 89 91 96 91 90 87 93 90 90 91 92 88 88 95 94 95 88 89 91 85 92 87 86 80 84 80 86 89 93 95 91 91 92 93 88 87 87 84 103 105 107 96 100 99 102 101 103 94 91 89 91 87 88 88 91 86 89 83 83 83 87 90 95 102 97 105 95 105 110 105 98 97
111 96 97 96 100 100 103 98 102 98 103 100 100 101 97 95 95 95 95 94 94 94 84 84 87 90 87 88 87 87 89 88 93 90 92 92 94 97 95 90 84 82 79 80 78 84 83 91 84 83 95 94 92 89 89 89 92 92 93 100 99 102 102 105 108 97 93 88 87 90 88 92 91 87 82 84 80 83 88 93 90 94 102 97 105 109 110 105 99 97
112 105 97 95 93 92 98 97 100 99 102 102 100 99 97 99 100 95 99 95 97 94 92 90 90 92 94 91 88 86 88 92 91 93 90 92 89 93 102 100 92 88 80 83 83 84 81 86 85 89 84 97 94 94 94 91 94 93 94 98 102 103 108 94 99 99 95 96 86 91 90 92 94 86 88 82 82 80 85 83 86 91 96 91 96 95 105 105 104 99
110 115 112 108 100 97 97 96 99 100 95 96 98 101 103 102 100 97 98 99 101 98 92 94 96 92 91 91 87 83 88 89 88 87 86 91 94 97 92 99 91 89 83 83 81 81 86 84 87 88 90 88 99 96 96 97 96 98 100 103 105 108 108 98 100 105 95 94 88 94 90 92 95 86 87 88 84 81 78 72 84 85 92 93 95 99 111 104 103 103
115 109 108 106 108 110 105 94 100 100 105 100 102 100 102 100 104 102 99 100 101 96 98 101 97 95 91 85 83 81 84 87 86 94 90 92 88 99 91 103 100 91 91 84 80 78 82 80 86 87 89 92 90 100 100 101 101 104 105 108 108 96 98 101 105 105 97 103 90 87 92 91 91 93 94 87 87 82 79 77 83 91 94 91 96 96 99 106 103 100
113 114 114 109 105 105 107 103 96 103 105 102 101 104 108 106 99 102 106 102 108 106 105 99 96 99 97 90 89 89 89 85 87 95 95 90 94 91 94 103 103 88 91 87 86 84 82 81 83 88 91 89 94 94 91 93 91 93 96 97 101 98 104 105 97 97 99 102 97 95 94 92 92 94 93 94 96 88 86 86 94 92 89 94 94 93 92 99 106 102
114 113 111 109 106 101 110 105 109 96 94 101 102 102 104 101 105 104 104 104 102 106 106 106 98 97 98 95 95 94 90 87 96 95 91 93 99 93 96 92 104 93 92 95 88 86 92 85 87 91 88 92 87 102 98 101 98 100 103 102 103 108 95 99 103 103 102 104 95 95 94 92 95 93 94 94 96 88 94 94 91 89 98 93 92 88 90 92 98 93
110 110 109 111 108 108 107 110 116 103 98 98 96 102 106 103 108 101 101 107 101 99 100 105 98 96 97 95 92 87 91 93 95 95 97 101 96 105 97 95 95 96 93 94 95 88 88 84 84 90 86 87 95 94 94 88 97 95 99 96 97 94 100 104 96 99 98 107 109 100 93 93 90 94 94 94 97 95 95 91 91 90 97 96 84 81 87 101 92 100
112 112 106 109 107 112 113 117 115 115 116 106 102 102 108 114 109 105 111 110 109 98 100 96 101 98 95 92 85 90 91 96 96 100 104 102 98 97 105 101 98 99 94 94 94 97 97 96 92 94 88 94 93 92 97 97 91 94 89 104 102 100 93 96 102 94 94 101 100 103 96 90 90 96 96 93 95 95 94 95 91 91 99 96 92 87 89 83 92 95
116 109 115 107 112 114 113 107 113 115 110 118 111 111 115 113 107 96 100 105 106 103 104 101 95 99 94 91 90 91 96 100 103 98 108 104 103 101 93 106 98 98 96 96 97 95 95 95 95 91 95 102 96 90 91 94 94 92 86 93 99 104 97 101 98 89 84 96 103 94 90 86 91 89 97 96 96 95 95 94 93 91 100 99 89 83 83 80 82 88
111 119 116 114 115 114 114 112 110 111 109 107 106 116 115 115 115 103 100 102 99 100 98 98 98 98 96 97 92 95 96 100 104 104 98 92 92 99 100 107 103 100 98 98 96 96 96 95 106 106 97 100 94 89 92 98 96 94 89 96 94 101 101 94 90 87 79 94 95 98 92 86 93 91 92 98 98 96 96 95 94 93 93 90 87 85 83 82 88 89
108 116 114 118 115 111 116 117 116 118 110 110 109 114 109 111 108 107 105 102 93 90 96 94 92 96 101 98 97 99 103 109 106 102 105 97 96 107 101 109 105 105 101 101 99 99 99 95 95 95 97 97 103 104 96 96 104 99 99 100 96 103 94 99 93 95 95 93 98 106 92 93 94 92 99 92 100 99 99 98 88 96 94 93 91 91 86 79 82 85
110 112 112 116 120 119 111 117 116 116 115 115 114 109 114 102 100 108 99 98 97 87 89 93 95 100 99 98 98 100 103 111 108 104 102 99 100 107 107 106 98 108 106 103 101 101 98 96 110 110 110 111 97 100 102 104 106 104 106 109 102 102 105 106 98 101 94 99 107 108 100 95 94 94 102 100 91 98 100 98 90 90 87 93 93 92 90 90 83 83
105 107 115 122 120 118 118 115 111 109 109 109 103 106 113 105 93 100 105 106 103 108 107 105 106 97 102 99 98 101 105 102 109 106 105 107 99 96 102 98 104 99 107 108 104 104 101 100 100 100 100 112 115 115 101 104 103 106 108 102 103 97 107 105 105 98 110 110 109 108 112 103 102 95 94 102 101 100 99 84 85 88 87 97 87 86 90 90 87 89
112 120 122 120 120 114 115 115 117 107 111 108 114 106 118 118 109 111 100 106 108 114 108 112 109 103 103 108 105 103 109 105 103 110 108 98 99 98 95 103 108 102 100 110 108 109 106 105 105 103 102 117 117 117 116 116 118 107 109 111 103 106 107 107 108 110 109 108 108 110 104 104 103 104 105 103 105 103 102 92 87 92 88 98 94 94 90 83 89 86
