RDATA/clipped/fe_buffer_bio14.asc
NCOLS 1344 
NROWS 672 
XLLCORNER -43 
YLLCORNER 25 
CELLSIZE 0.0833333333333333 
NODATA_value -9999 
[rows 400 to 439 of 672, columns 720 to 809 of 1344]
30 30 29 29 29 29 30 29 29 29 29 29 29 29 30 30 31 34 33 33 33 34 35 34 32 31 31 32 31 30 29 29 28 28 28 28 28 27 27 27 27 27 27 27 27 27 27 28 28 28 28 29 29 30 30 31 31 32 33 33 34 34 35 35 35 35 35 35 34 34 34 35 37 40 40 41 41 42 44 45 43 42 42 42 42 41 40 39 39 39
29 29 28 28 28 28 28 30 31 30 29 30 30 30 31 31 31 33 33 33 33 33 36 35 32 31 30 31 31 30 29 29 28 28 28 28 28 27 27 27 27 27 27 27 27 27 28 28 28 28 28 29 29 29 30 30 31 32 32 33 33 34 34 34 34 34 35 35 34 34 35 36 39 39 39 39 40 41 42 42 42 41 40 39 39 41 43 42 39 40
28 28 27 27 27 26 27 28 30 31 31 31 32 32 32 32 34 34 32 32 33 33 34 33 31 30 29 29 30 30 29 29 28 28 28 28 28 27 27 27 27 27 27 27 27 28 28 28 28 28 29 29 29 29 29 30 31 31 32 33 33 33 34 34 35 35 35 35 36 35 36 36 37 37 38 38 40 40 40 40 40 39 38 37 37 37 39 39 37 37
28 28 27 26 26 25 26 28 29 32 33 33 33 32 32 35 33 32 33 33 32 32 32 31 30 29 28 28 28 29 29 29 28 28 28 28 28 27 27 27 27 27 27 28 28 28 28 28 28 28 29 29 29 29 30 30 31 31 32 33 33 33 34 34 35 35 35 36 36 35 36 35 36 36 37 37 38 38 38 38 38 37 37 37 37 36 36 36 36 37
28 27 27 26 26 25 27 29 32 35 35 34 34 34 33 32 32 32 32 33 32 32 32 31 30 29 29 28 28 29 29 29 28 28 28 28 28 28 28 27 27 28 28 28 28 28 28 28 28 29 29 29 29 30 30 30 31 32 32 33 34 34 34 34 34 35 34 35 35 35 35 35 35 35 35 35 36 36 36 35 35 35 35 35 35 34 34 34 34 34
28 28 27 27 27 27 29 32 34 35 36 35 35 34 33 32 32 32 32 32 32 32 31 31 30 29 29 29 29 29 29 29 28 28 28 28 28 28 28 28 28 28 28 28 28 28 28 28 29 29 29 29 30 30 30 31 31 32 33 33 33 34 34 35 36 36 36 35 35 35 35 34 34 35 34 34 34 35 34 34 34 33 33 33 32 32 32 32 32 33
29 29 28 28 28 29 29 32 34 34 33 33 33 32 33 33 32 32 32 32 32 32 31 31 30 30 29 29 29 29 29 29 29 28 28 28 28 28 28 28 28 28 28 28 28 28 28 29 29 29 29 30 30 30 31 31 32 32 33 34 35 35 35 35 38 40 39 36 35 35 34 35 36 34 33 33 33 33 33 32 32 31 31 31 32 32 32 31 32 32
30 30 30 30 30 30 31 34 34 34 34 34 32 33 33 33 33 33 32 33 32 32 32 31 30 30 29 29 29 29 29 29 29 29 28 28 28 28 28 28 28 28 28 28 28 28 29 29 29 29 30 30 30 31 31 32 32 33 34 34 35 35 35 35 36 36 37 38 39 37 36 36 34 33 32 32 31 31 31 30 30 30 30 30 31 31 31 31 31 31
31 31 31 32 32 32 33 32 33 33 33 32 32 33 33 34 34 33 33 33 33 32 32 31 31 30 30 30 29 29 29 29 29 29 29 28 28 28 28 28 28 28 28 28 28 29 29 29 29 30 30 30 31 31 31 32 32 33 34 35 35 36 36 37 39 39 36 36 38 37 38 35 34 32 31 31 31 30 29 29 28 28 28 29 29 30 30 30 30 31
33 33 33 34 32 32 32 33 32 32 32 33 33 33 33 34 34 34 33 33 33 32 32 31 31 31 30 30 30 30 30 29 29 29 29 29 28 28 28 28 28 28 28 29 29 29 29 29 30 30 30 30 31 31 32 32 33 33 34 35 36 35 35 36 38 40 40 39 39 41 37 35 34 33 32 31 30 29 29 28 27 26 27 28 28 29 29 30 30 30
34 34 34 35 34 33 33 32 33 33 34 35 35 34 34 34 34 34 34 33 33 33 32 32 31 31 31 30 30 30 30 30 29 29 29 29 28 28 28 28 28 28 29 29 29 29 29 30 30 30 30 31 31 31 32 32 33 33 34 34 35 34 34 34 35 38 41 44 44 47 40 38 36 36 35 31 29 28 27 26 25 26 26 27 28 28 28 29 29 29
35 35 35 35 34 34 34 34 35 35 35 35 35 34 34 34 34 34 35 33 34 34 33 32 32 31 31 31 30 30 30 30 30 29 29 29 29 29 28 28 28 29 29 29 29 29 30 30 30 30 31 31 31 32 32 32 33 33 33 34 34 34 35 34 34 35 40 49 50 51 44 42 41 40 38 34 31 28 29 29 28 26 26 27 27 28 28 28 28 29
37 36 36 36 36 35 35 35 36 35 35 35 35 35 34 34 34 35 35 34 34 33 33 32 32 32 31 31 31 31 30 30 30 30 29 29 29 29 29 29 29 29 29 29 29 30 30 30 30 31 31 31 32 32 32 33 33 33 33 34 35 37 39 37 34 34 37 42 50 48 46 45 46 44 43 41 37 31 30 28 27 26 26 27 27 27 28 28 28 29
38 37 37 37 37 36 36 36 36 36 36 36 36 35 35 34 34 35 35 34 34 33 33 33 32 32 32 32 32 31 31 31 30 30 30 29 29 29 29 29 29 29 29 29 30 30 30 31 31 31 31 32 32 32 32 33 33 33 33 34 35 38 41 41 37 34 36 43 46 48 47 46 49 49 49 46 39 31 29 29 27 26 26 27 27 27 28 27 28 28
39 38 38 38 38 37 37 37 37 36 36 36 36 35 35 35 35 35 35 34 34 34 33 33 33 33 32 32 32 32 31 31 31 30 30 30 29 29 29 29 29 29 29 30 30 30 31 31 31 31 32 32 32 32 33 33 33 33 33 33 34 35 37 38 40 37 36 42 49 43 42 40 46 46 49 41 36 32 32 31 27 26 26 26 26 27 27 27 27 27
40 40 39 39 39 38 38 38 37 37 36 36 36 35 35 35 35 35 36 35 34 34 34 34 33 33 33 33 33 32 32 32 31 30 30 29 29 28 29 29 29 29 30 30 30 31 31 31 32 32 32 32 33 33 33 33 33 33 34 34 34 34 34 37 38 37 36 40 46 43 41 39 37 36 35 35 35 36 33 29 27 26 26 27 27 27 27 27 27 27
41 40 40 40 39 39 39 39 38 38 38 37 37 36 36 35 36 36 36 36 35 35 34 34 34 34 34 34 33 33 32 32 31 31 30 30 29 28 29 29 29 30 30 30 31 31 31 32 32 32 32 33 33 33 33 33 35 34 35 35 36 35 35 34 35 35 34 35 39 39 39 39 37 38 39 40 37 36 33 29 26 27 27 27 27 27 26 27 27 27
41 41 41 41 40 40 40 40 39 39 38 38 38 37 36 35 36 37 37 37 35 35 35 35 35 35 34 34 34 33 33 32 32 31 31 30 29 28 29 29 30 30 30 31 31 31 32 32 32 33 33 33 33 34 34 35 37 38 37 36 38 39 39 37 37 39 35 34 34 35 35 36 37 39 41 40 39 35 30 27 26 27 27 26 26 26 27 27 27 27
42 42 42 42 41 41 40 40 39 39 39 38 38 37 36 36 37 37 38 37 37 36 36 36 35 35 35 34 34 34 33 33 32 32 31 31 30 29 29 30 30 31 31 31 31 32 32 32 33 33 33 34 34 34 34 35 36 36 37 36 36 37 37 39 37 37 38 38 36 34 34 36 37 37 35 36 35 31 28 27 27 27 27 27 27 27 27 27 26 27
44 43 43 42 41 41 41 40 39 39 38 38 37 37 36 37 37 38 38 37 37 36 36 36 36 36 35 35 35 34 34 34 33 33 32 31 31 31 31 31 31 31 31 32 32 32 33 33 33 34 34 34 35 35 35 35 35 36 36 36 35 35 35 36 35 36 37 36 36 35 34 36 35 34 35 35 34 31 28 28 28 28 27 27 27 27 27 27 27 28
46 44 43 43 42 41 41 41 40 39 39 38 38 37 37 37 37 37 38 37 37 37 37 37 37 36 36 36 35 35 35 34 34 33 33 33 32 32 32 31 31 32 32 32 32 33 33 33 34 34 35 35 35 35 36 36 36 36 36 36 36 35 35 35 36 35 35 34 34 34 33 33 36 35 32 32 30 29 28 28 28 28 28 28 27 27 28 28 28 28
46 46 45 44 43 42 42 41 41 40 39 39 38 38 38 38 38 38 38 38 38 38 38 38 37 37 37 36 36 36 35 35 35 34 34 33 33 32 32 32 32 32 32 33 33 33 34 34 34 35 35 35 35 36 36 36 36 36 36 36 35 35 35 35 36 36 36 36 37 36 34 32 33 32 31 30 31 32 31 30 29 28 28 29 27 28 28 28 28 27
46 46 46 45 44 44 43 42 41 41 40 40 39 39 38 38 38 39 39 39 40 39 39 39 38 38 37 37 37 36 36 36 35 35 34 34 34 33 33 33 33 33 33 33 33 34 34 34 35 35 35 35 35 35 35 36 35 35 35 35 35 36 36 37 39 40 43 42 41 37 34 33 33 33 32 33 35 37 38 35 37 36 32 29 28 27 28 28 28 28
47 47 46 46 45 45 44 43 42 42 41 40 40 40 39 39 40 40 40 40 40 40 40 39 39 39 38 38 37 37 37 37 36 35 35 35 34 34 34 34 33 33 33 34 34 34 35 35 35 36 36 36 36 36 36 36 36 36 36 36 37 38 40 42 43 47 47 44 42 39 35 34 33 34 38 40 42 44 44 41 44 43 40 36 33 30 28 28 28 29
48 48 47 48 50 49 46 45 44 43 42 41 41 41 40 40 40 41 41 41 41 41 41 40 40 39 39 38 38 37 37 37 36 36 36 35 35 35 35 34 34 34 34 34 34 35 35 35 36 36 36 36 36 36 36 37 37 37 37 36 36 38 41 46 46 45 44 44 41 39 37 35 37 39 41 44 51 52 50 47 50 51 50 45 39 40 34 31 36 40
50 49 49 49 52 53 52 51 47 46 44 43 42 42 42 42 42 42 42 42 42 42 42 41 41 40 39 39 38 38 38 38 37 37 36 36 36 36 35 35 34 34 34 35 35 35 36 36 36 37 37 37 37 37 37 37 38 38 38 38 37 37 39 40 40 40 42 43 42 39 37 37 38 39 43 46 48 50 52 49 52 53 52 50 50 48 38 34 42 51
51 51 51 52 52 52 50 49 49 49 48 46 44 43 43 43 43 43 43 43 43 44 43 42 41 40 40 39 39 38 38 38 38 37 37 37 37 37 36 35 35 35 35 35 36 36 36 37 37 37 37 37 38 38 38 38 38 40 39 38 39 38 37 38 42 44 48 51 51 46 45 46 43 41 41 42 41 42 47 51 51 50 47 41 44 45 41 33 34 44
53 53 53 57 56 52 49 48 47 46 46 45 45 45 44 44 44 44 44 44 44 44 44 43 42 41 40 40 39 39 39 39 39 38 38 38 38 38 37 36 36 36 36 36 37 37 37 37 37 38 38 38 38 38 38 38 39 40 39 40 40 41 39 39 42 52 51 56 56 55 58 57 51 49 44 40 40 47 53 54 52 51 48 40 38 36 35 32 35 39
54 54 54 53 52 52 52 50 49 47 47 47 46 46 45 45 44 45 45 45 45 44 44 43 42 42 41 40 39 39 39 39 39 39 39 39 39 39 38 38 37 37 37 37 37 38 38 38 38 38 38 38 38 38 39 40 42 41 41 41 44 48 43 40 45 50 58 58 57 57 55 51 48 48 50 49 43 46 50 49 50 49 50 50 49 44 39 35 37 35
56 55 55 54 53 52 51 50 49 49 48 47 46 46 46 45 45 45 45 45 45 45 44 44 43 42 41 41 40 39 39 39 40 41 41 40 40 40 39 39 38 38 38 38 38 38 38 39 39 39 39 39 39 39 39 40 40 40 42 46 50 51 48 43 45 49 54 58 53 49 52 48 49 45 45 41 39 41 41 40 40 40 41 40 39 38 36 34 32 35
59 57 56 55 54 53 52 52 50 49 48 47 47 47 47 46 46 46 46 46 46 45 45 44 43 42 42 41 40 39 40 41 42 42 42 42 41 41 41 39 39 38 38 38 38 38 39 39 39 39 39 39 40 40 40 39 41 44 45 48 54 53 48 43 47 49 55 50 46 45 46 43 40 38 37 36 35 36 36 35 35 35 35 36 34 33 33 33 32 33
61 60 59 58 56 55 54 53 53 51 50 49 48 48 48 48 47 47 47 47 46 46 45 45 44 43 42 41 40 39 38 39 40 41 41 42 42 42 40 39 38 38 38 38 38 39 39 39 40 40 40 40 40 40 39 40 41 47 47 47 48 48 44 42 46 50 49 47 45 41 40 37 37 36 36 35 35 36 35 35 36 35 35 35 34 34 33 32 33 33
64 63 61 60 58 57 56 55 53 52 51 51 50 50 49 49 49 48 48 48 47 47 46 45 45 44 43 42 41 40 39 39 40 41 41 42 42 41 40 39 38 38 38 38 39 39 39 40 40 41 41 40 40 40 40 40 42 46 50 44 43 43 45 42 42 46 48 44 42 41 39 38 37 36 36 36 36 36 35 36 36 35 35 35 34 34 33 33 34 34
65 64 64 62 60 59 57 56 55 54 53 52 51 51 51 51 50 50 49 49 48 48 47 46 46 45 44 43 42 41 41 41 41 42 42 43 43 41 40 39 38 38 38 39 39 39 40 40 40 41 41 40 40 41 41 42 43 44 44 42 43 46 50 47 42 47 44 43 43 40 38 38 38 37 36 36 36 36 36 36 36 36 35 35 35 35 34 33 34 35
66 65 65 63 61 60 58 57 56 55 54 53 53 52 52 52 52 51 51 50 50 49 48 48 47 46 45 44 44 43 42 42 42 43 43 44 43 41 40 39 38 38 38 39 39 40 40 40 41 41 41 41 41 42 41 43 45 45 45 46 47 48 50 47 42 43 42 42 41 39 39 38 38 38 37 36 37 36 36 36 36 36 35 35 35 35 35 34 35 35
66 66 64 63 62 60 59 58 57 56 55 55 54 54 53 53 53 52 52 52 51 50 50 49 48 47 47 46 45 45 44 44 44 44 44 45 44 42 41 39 38 38 39 40 40 40 41 41 41 41 41 41 41 41 40 40 43 43 42 44 44 46 45 44 40 40 41 40 39 40 39 38 38 38 37 37 36 36 36 36 36 37 36 36 36 36 35 34 35 36
68 66 64 63 62 60 59 58 57 57 56 56 55 55 55 54 54 54 53 53 53 52 51 51 50 49 48 47 47 47 46 46 46 46 46 46 45 43 42 40 39 40 40 41 41 42 42 42 42 42 41 41 42 42 41 42 43 43 42 42 44 47 44 42 43 42 39 38 38 39 39 39 38 37 37 37 37 36 36 37 36 37 37 36 36 36 36 35 36 36
69 67 66 64 62 61 59 59 58 57 57 57 57 56 56 56 55 55 55 54 54 53 53 52 52 51 50 49 49 48 48 48 47 47 47 47 46 45 44 43 42 42 42 42 43 43 43 43 42 42 42 41 42 42 42 43 44 44 45 45 42 45 42 43 42 40 38 38 38 38 39 39 38 38 37 37 37 36 36 37 36 37 36 36 36 36 36 35 36 36
69 66 65 65 63 63 60 62 60 58 59 58 58 58 57 57 57 56 56 56 55 55 54 54 53 52 52 52 51 50 50 49 49 49 49 49 48 47 46 45 44 44 44 44 44 44 44 43 42 42 42 42 42 42 43 43 42 43 44 46 44 41 42 43 41 39 39 38 38 37 38 38 38 38 38 37 37 36 36 35 36 36 36 36 36 36 35 35 36 36
72 68 65 63 65 64 66 66 66 62 60 59 59 59 58 59 58 57 57 57 57 57 56 55 55 54 54 54 53 52 51 51 51 51 50 50 50 49 48 47 47 46 46 46 45 45 44 43 43 42 42 42 42 42 44 46 45 45 44 44 44 43 43 42 40 40 38 38 38 37 37 37 37 37 37 37 37 36 36 36 35 35 36 36 36 35 35 35 35 35
