RDATA/clipped/fe_buffer_bio17.asc
NCOLS 1344 
NROWS 672 
XLLCORNER -43 
YLLCORNER 25 
CELLSIZE 0.0833333333333333 
NODATA_value -9999 
[rows 429 to 467 of 672, columns 968 to 1055 of 1344]
124 129 132 134 137 141 144 145 147 148 147 147 146 146 144 143 141 140 139 141 141 140 139 138 136 135 133 131 130 128 125 123 121 118 116 113 111 109 106 105 103 99 98 96 95 93 93 90 88 87 83 81 79 78 77 77 74 74 71 71 70 68 66 63 62 61 60 60 61 61 61 60 58 58 58 58 57 56 56 56 55 55 54 53 53 53 51 51
128 131 134 137 141 144 146 149 151 152 151 152 151 150 149 148 145 143 144 145 146 144 144 142 141 139 136 134 133 130 127 124 122 118 117 113 112 108 106 105 104 100 98 95 94 93 93 89 89 87 82 80 80 78 78 76 75 71 71 71 69 68 64 61 63 63 63 62 62 62 61 60 60 58 57 57 57 57 57 56 55 55 55 55 54 52 52 52
134 137 138 141 144 148 150 153 155 156 157 156 157 156 155 153 150 147 146 149 152 151 149 147 144 143 140 138 135 133 130 127 124 121 118 115 112 108 107 104 104 103 99 96 94 92 91 92 89 86 78 78 80 80 77 76 73 71 72 69 68 67 62 62 61 61 61 60 60 60 60 60 60 60 58 58 58 57 57 57 57 55 55 55 55 54 53 52
142 143 145 146 149 151 155 157 159 161 162 162 162 162 161 159 157 154 153 156 159 158 156 153 150 146 144 141 138 135 132 128 126 123 120 118 114 111 107 106 103 103 101 96 93 91 89 91 90 88 83 81 78 77 76 74 71 71 70 68 68 63 62 59 59 60 60 61 60 60 60 60 59 60 60 60 58 58 58 58 57 56 56 55 55 55 54 53
148 148 150 152 153 157 160 162 164 167 168 168 169 168 167 167 165 164 164 166 167 165 164 160 155 152 148 144 141 138 134 130 128 125 122 120 116 113 109 105 104 102 101 101 99 95 95 93 93 87 83 83 80 76 75 73 72 69 67 67 68 64 61 60 60 60 60 61 60 61 60 61 61 59 59 59 60 58 58 58 58 58 57 56 56 55 55 54
147 155 158 160 162 165 167 169 171 173 175 176 177 177 176 176 175 174 175 176 178 175 171 167 162 158 152 148 143 140 136 133 130 127 125 123 119 115 110 107 104 103 101 100 100 98 98 95 94 93 90 81 77 76 78 77 75 72 71 68 68 63 59 59 61 61 61 60 61 61 61 61 61 61 60 60 60 60 60 59 58 58 57 57 57 57 56 55
149 150 162 166 168 171 173 175 179 181 183 185 184 185 186 186 186 186 186 188 189 185 180 175 170 165 158 152 147 142 139 136 134 130 127 125 121 116 112 108 106 103 103 102 99 98 96 96 94 94 92 89 84 80 78 76 74 72 69 68 68 62 61 61 61 60 60 60 60 60 61 61 61 61 61 61 61 61 60 60 60 60 58 58 57 57 57 57
151 151 162 164 174 178 180 182 186 187 190 191 193 195 196 196 198 199 199 200 199 196 191 185 179 172 165 159 151 147 145 142 139 136 132 128 124 120 115 109 107 105 104 104 102 98 97 95 92 92 93 91 87 84 79 76 73 73 70 69 65 62 62 62 61 61 61 61 61 61 62 62 62 63 63 63 63 63 61 61 61 60 60 60 59 59 57 57
-9999 -9999 -9999 165 168 175 183 189 192 195 198 199 202 205 206 208 209 210 212 212 211 207 201 195 189 181 174 169 160 157 153 148 146 141 137 132 130 124 117 112 110 109 107 106 104 104 100 97 97 95 95 92 85 81 80 77 75 72 70 66 64 63 63 62 62 62 61 61 61 61 64 63 64 64 64 64 63 63 63 63 62 61 61 61 60 60 59 59
-9999 -9999 -9999 -9999 -9999 179 186 190 191 198 202 205 209 210 216 217 220 221 223 223 222 220 214 205 199 192 184 178 172 169 164 157 153 147 143 138 135 131 123 119 116 112 111 108 106 108 103 100 99 98 96 94 88 85 80 75 76 75 72 71 66 63 63 63 62 62 62 62 64 64 64 64 64 65 66 66 64 64 64 64 64 63 63 62 62 61 60 59
-9999 -9999 -9999 -9999 -9999 -9999 184 190 194 201 202 211 213 217 223 226 228 230 231 232 230 228 224 216 210 204 196 190 184 180 175 167 161 155 149 145 141 138 132 125 124 118 114 113 110 111 111 102 102 101 97 97 90 85 81 75 73 74 71 70 69 68 65 62 60 61 62 62 65 65 67 67 67 67 67 67 67 67 67 65 65 64 64 64 63 62 62 61
-9999 -9999 -9999 -9999 -9999 -9999 -9999 -9999 -9999 -9999 -9999 208 213 219 223 233 237 238 238 239 238 232 226 221 219 215 207 200 193 187 183 172 166 161 158 155 150 146 142 134 130 126 120 117 117 117 114 110 104 103 101 98 97 89 82 78 74 74 72 70 70 69 68 66 63 62 63 64 65 68 68 68 70 70 70 70 69 68 68 68 67 66 66 66 64 64 63 62
-9999 -9999 -9999 -9999 -9999 -9999 -9999 -9999 -9999 -9999 -9999 -9999 -9999 220 225 235 238 245 245 246 246 245 227 231 226 224 211 203 192 193 194 185 173 165 164 161 156 149 148 143 136 130 128 126 122 121 118 114 110 106 105 97 98 92 88 84 79 78 76 74 73 71 68 68 65 66 66 67 69 71 71 71 71 71 71 71 71 71 71 70 69 68 68 67 66 65 64 64
-9999 -9999 -9999 -9999 -9999 -9999 -9999 -9999 -9999 -9999 -9999 -9999 -9999 -9999 -9999 227 235 244 251 253 253 238 228 232 229 214 199 189 189 205 191 193 178 173 173 171 160 158 152 144 145 138 132 127 127 126 118 117 111 109 105 102 99 93 87 83 82 78 74 74 71 69 68 67 65 68 68 71 71 73 74 74 74 74 74 74 74 74 73 71 71 71 69 69 68 67 66 64
-9999 -9999 -9999 -9999 -9999 -9999 -9999 -9999 -9999 -9999 -9999 -9999 -9999 -9999 -9999 -9999 -9999 242 252 260 261 257 234 234 238 223 182 175 187 206 195 186 169 160 168 172 166 164 160 154 140 133 135 132 129 127 124 120 113 113 104 108 98 89 83 80 76 71 68 64 64 68 70 71 72 73 73 73 74 76 77 78 78 78 77 77 77 77 76 74 74 73 71 71 69 69 67 67
-9999 -9999 -9999 -9999 -9999 -9999 -9999 -9999 -9999 -9999 -9999 -9999 -9999 -9999 -9999 -9999 -9999 -9999 249 256 265 266 261 241 230 222 191 186 202 207 190 175 172 157 161 166 168 154 152 158 152 149 149 134 126 125 130 117 122 110 113 105 98 92 85 83 78 74 71 67 65 66 65 69 74 75 77 78 79 80 81 81 82 82 81 81 80 80 78 77 77 74 74 73 71 71 69 68
-9999 -9999 -9999 -9999 -9999 -9999 -9999 -9999 -9999 -9999 -9999 -9999 -9999 -9999 -9999 -9999 -9999 -9999 -9999 251 260 272 271 265 246 252 236 210 201 190 174 173 167 162 161 151 166 150 148 155 149 154 151 144 143 141 137 132 131 122 121 104 92 88 85 82 80 78 75 73 69 69 69 69 74 77 80 83 84 85 86 86 87 87 86 84 84 83 81 80 79 78 77 74 74 72 71 70
-9999 -9999 -9999 -9999 -9999 -9999 -9999 -9999 -9999 -9999 -9999 -9999 -9999 -9999 -9999 -9999 -9999 -9999 -9999 -9999 -9999 263 270 279 279 260 235 225 203 200 173 172 164 163 154 171 149 143 161 150 145 153 151 145 146 142 139 135 131 125 121 114 101 90 79 80 77 75 71 75 75 75 76 76 77 81 86 87 89 90 92 92 93 92 90 89 89 86 86 83 83 80 80 77 77 74 73 71
-9999 -9999 -9999 -9999 -9999 -9999 -9999 -9999 -9999 -9999 -9999 -9999 -9999 -9999 -9999 -9999 -9999 -9999 -9999 -9999 -9999 -9999 267 275 284 287 268 244 251 217 234 228 183 160 160 163 146 159 152 136 139 137 138 135 142 138 135 134 127 121 124 117 104 100 90 79 78 67 75 78 80 81 82 84 87 88 90 93 93 96 98 98 98 96 95 94 92 91 89 87 86 83 81 80 77 77 74 73
-9999 -9999 -9999 -9999 -9999 -9999 -9999 -9999 -9999 -9999 -9999 -9999 -9999 -9999 -9999 -9999 -9999 -9999 -9999 -9999 -9999 -9999 -9999 274 281 287 291 273 275 257 233 203 205 182 164 156 150 155 166 150 136 129 125 126 137 127 125 123 121 111 126 119 112 112 99 88 77 72 75 80 76 72 83 87 90 93 96 99 102 102 104 104 103 102 101 98 97 94 93 90 88 87 84 81 80 77 76 75
-9999 -9999 -9999 -9999 -9999 -9999 -9999 -9999 -9999 -9999 -9999 -9999 -9999 -9999 -9999 -9999 -9999 -9999 -9999 -9999 -9999 -9999 -9999 -9999 280 285 290 294 287 265 231 206 192 174 175 168 157 157 157 160 143 143 146 146 129 122 121 115 112 131 108 105 107 114 103 94 84 76 80 79 74 78 78 85 91 100 103 101 106 108 111 111 109 108 106 103 101 99 97 93 90 87 84 81 78 77 75 74
-9999 -9999 -9999 -9999 -9999 -9999 -9999 -9999 -9999 -9999 -9999 -9999 -9999 -9999 -9999 -9999 -9999 -9999 -9999 -9999 -9999 -9999 -9999 -9999 -9999 -9999 285 289 294 293 238 194 187 221 226 185 176 194 169 150 148 139 139 140 129 127 123 113 128 121 101 100 109 113 91 86 79 76 79 74 75 77 87 102 105 99 103 108 109 114 118 117 115 113 111 109 106 103 101 97 93 88 85 84 81 80 78 77
-9999 -9999 -9999 -9999 -9999 -9999 -9999 -9999 -9999 -9999 -9999 -9999 -9999 -9999 -9999 -9999 -9999 -9999 -9999 -9999 -9999 -9999 -9999 -9999 -9999 -9999 -9999 286 289 301 273 231 214 260 232 216 212 227 204 174 167 155 140 137 130 130 119 120 133 110 106 110 102 96 104 89 94 109 88 84 83 83 98 96 101 105 106 100 116 122 121 121 121 119 116 114 111 108 104 100 95 91 89 85 83 80 79 78
-9999 -9999 -9999 -9999 -9999 -9999 -9999 -9999 -9999 -9999 -9999 -9999 -9999 -9999 -9999 -9999 -9999 -9999 -9999 -9999 -9999 -9999 -9999 -9999 -9999 -9999 -9999 -9999 -9999 -9999 298 283 276 238 203 204 186 224 233 214 183 163 154 153 154 143 128 137 130 123 111 113 110 102 104 98 97 99 94 96 100 100 91 91 89 105 101 99 124 128 130 130 128 126 123 120 116 114 110 105 100 96 91 87 85 82 81 80
-9999 -9999 -9999 -9999 -9999 -9999 -9999 -9999 -9999 -9999 -9999 -9999 -9999 -9999 -9999 -9999 -9999 -9999 -9999 -9999 -9999 -9999 -9999 -9999 -9999 -9999 -9999 -9999 -9999 -9999 -9999 299 305 309 309 307 292 268 248 269 246 197 191 186 160 159 168 151 139 129 131 121 112 108 108 109 101 101 101 101 97 95 96 96 101 102 102 117 106 124 136 137 135 133 131 126 123 119 114 110 104 99 94 90 87 85 84 84
-9999 -9999 -9999 -9999 -9999 -9999 -9999 -9999 -9999 -9999 -9999 -9999 -9999 -9999 -9999 -9999 -9999 -9999 -9999 -9999 -9999 -9999 -9999 -9999 -9999 -9999 -9999 -9999 -9999 -9999 -9999 300 302 306 307 310 313 315 274 275 285 234 243 232 216 185 167 207 219 189 186 148 130 120 142 117 125 110 106 113 109 105 101 99 101 102 104 100 109 138 118 130 142 141 139 135 129 123 120 113 108 103 97 92 88 88 92 89
-9999 -9999 -9999 -9999 -9999 -9999 -9999 -9999 -9999 -9999 -9999 -9999 -9999 -9999 -9999 -9999 -9999 -9999 -9999 -9999 -9999 -9999 -9999 -9999 -9999 -9999 -9999 -9999 -9999 -9999 -9999 -9999 -9999 -9999 -9999 -9999 -9999 -9999 318 325 327 318 289 289 270 258 243 227 182 187 162 170 148 163 178 153 167 157 153 150 143 140 126 106 107 103 102 110 116 108 104 108 117 145 144 143 138 133 126 121 115 107 102 96 93 93 97 97
-9999 -9999 -9999 -9999 -9999 -9999 -9999 -9999 -9999 -9999 -9999 -9999 -9999 -9999 -9999 -9999 -9999 -9999 -9999 -9999 -9999 -9999 -9999 -9999 -9999 -9999 -9999 -9999 -9999 -9999 -9999 -9999 -9999 -9999 -9999 -9999 -9999 -9999 -9999 320 330 336 322 314 288 273 260 232 178 162 164 169 194 211 206 171 145 136 130 144 143 128 137 126 116 113 108 117 109 103 103 103 133 140 119 128 138 139 135 132 129 122 118 114 111 108 110 107
-9999 -9999 -9999 -9999 -9999 -9999 -9999 -9999 -9999 -9999 -9999 -9999 -9999 -9999 -9999 -9999 -9999 -9999 -9999 -9999 -9999 -9999 -9999 -9999 -9999 -9999 -9999 -9999 -9999 -9999 -9999 -9999 -9999 -9999 -9999 -9999 -9999 -9999 -9999 -9999 -9999 342 340 336 333 331 328 322 283 257 192 185 236 172 191 165 140 150 150 138 140 146 154 142 128 137 136 126 117 112 115 123 129 108 120 120 130 135 120 124 120 118 114 121 106 106 102 106
-9999 -9999 -9999 -9999 -9999 -9999 -9999 -9999 -9999 -9999 -9999 -9999 -9999 -9999 -9999 -9999 -9999 -9999 -9999 -9999 -9999 -9999 -9999 -9999 -9999 -9999 -9999 -9999 -9999 -9999 -9999 -9999 -9999 -9999 -9999 -9999 -9999 -9999 -9999 -9999 -9999 342 341 337 333 332 331 331 324 264 228 221 268 222 170 173 166 168 188 187 201 180 148 164 164 158 144 138 144 150 149 118 106 103 106 127 125 117 112 114 107 103 99 116 109 105 100 109
-9999 -9999 -9999 -9999 -9999 -9999 -9999 -9999 -9999 -9999 -9999 -9999 -9999 -9999 -9999 -9999 -9999 -9999 -9999 -9999 -9999 -9999 -9999 -9999 -9999 -9999 -9999 -9999 -9999 -9999 -9999 -9999 -9999 -9999 -9999 -9999 -9999 -9999 -9999 -9999 -9999 -9999 -9999 -9999 331 331 331 331 334 329 282 314 318 283 223 223 195 201 173 165 184 213 179 182 159 144 147 169 155 136 163 163 138 110 113 131 114 101 102 96 93 93 93 105 91 91 87 95
-9999 -9999 -9999 -9999 -9999 -9999 -9999 -9999 -9999 -9999 -9999 -9999 -9999 -9999 -9999 -9999 -9999 -9999 -9999 -9999 -9999 -9999 -9999 -9999 -9999 -9999 -9999 -9999 -9999 -9999 -9999 -9999 -9999 -9999 -9999 -9999 -9999 -9999 -9999 -9999 -9999 -9999 -9999 -9999 -9999 329 328 329 332 338 339 332 323 315 305 270 245 226 195 213 246 243 222 200 182 182 184 187 178 178 176 147 122 118 118 117 121 112 104 101 102 97 98 103 91 89 90 88
-9999 -9999 -9999 -9999 -9999 -9999 -9999 -9999 -9999 -9999 -9999 -9999 -9999 -9999 -9999 -9999 -9999 -9999 -9999 -9999 -9999 -9999 -9999 -9999 -9999 -9999 -9999 -9999 -9999 -9999 -9999 -9999 -9999 -9999 -9999 -9999 -9999 -9999 -9999 -9999 -9999 -9999 -9999 -9999 -9999 -9999 324 325 329 336 344 333 323 314 306 300 287 243 220 239 234 246 237 232 218 209 200 191 184 178 179 175 158 138 120 113 126 131 120 102 97 101 99 97 97 90 94 102
-9999 -9999 -9999 -9999 -9999 -9999 -9999 -9999 -9999 -9999 -9999 -9999 -9999 -9999 -9999 -9999 -9999 -9999 -9999 -9999 -9999 -9999 -9999 -9999 -9999 -9999 -9999 -9999 -9999 -9999 -9999 -9999 -9999 -9999 -9999 -9999 -9999 -9999 -9999 -9999 -9999 -9999 -9999 -9999 -9999 -9999 318 317 319 326 332 329 318 308 300 295 289 284 283 262 253 261 231 202 189 192 184 176 174 172 169 162 161 159 157 146 147 122 107 108 105 116 123 114 113 107 100 119
-9999 -9999 -9999 -9999 -9999 -9999 -9999 -9999 -9999 -9999 -9999 -9999 -9999 -9999 -9999 -9999 -9999 -9999 -9999 -9999 -9999 -9999 -9999 -9999 -9999 -9999 -9999 -9999 -9999 -9999 -9999 -9999 -9999 -9999 -9999 -9999 -9999 -9999 -9999 -9999 -9999 -9999 -9999 -9999 -9999 -9999 311 306 308 312 318 313 309 301 294 284 278 276 271 274 273 270 260 228 199 187 183 195 194 184 175 170 169 163 167 165 151 132 124 125 117 130 119 129 143 115 131 115
-9999 -9999 -9999 -9999 -9999 -9999 -9999 -9999 -9999 -9999 -9999 -9999 -9999 -9999 -9999 -9999 -9999 -9999 -9999 -9999 -9999 -9999 -9999 -9999 -9999 -9999 -9999 -9999 -9999 -9999 -9999 -9999 -9999 -9999 -9999 -9999 -9999 -9999 -9999 -9999 -9999 -9999 -9999 -9999 -9999 -9999 -9999 294 294 297 301 302 300 294 282 274 268 265 261 262 263 263 253 242 234 225 213 208 195 183 168 164 164 161 163 156 158 155 146 137 129 151 131 131 150 115 141 112
-9999 -9999 -9999 -9999 -9999 -9999 -9999 -9999 -9999 -9999 -9999 -9999 -9999 -9999 -9999 -9999 -9999 -9999 -9999 -9999 -9999 -9999 -9999 -9999 -9999 -9999 -9999 -9999 -9999 -9999 -9999 -9999 -9999 -9999 -9999 -9999 -9999 -9999 -9999 -9999 -9999 -9999 -9999 -9999 -9999 -9999 -9999 281 281 287 292 293 291 285 277 267 260 258 256 256 255 253 250 244 232 218 210 192 174 164 159 155 153 148 147 143 142 148 148 148 142 150 142 145 143 143 137 121
-9999 -9999 -9999 -9999 -9999 -9999 -9999 -9999 -9999 -9999 -9999 -9999 -9999 -9999 -9999 -9999 -9999 -9999 -9999 -9999 -9999 -9999 -9999 -9999 -9999 -9999 -9999 -9999 -9999 -9999 -9999 -9999 -9999 -9999 -9999 -9999 -9999 -9999 -9999 -9999 -9999 -9999 -9999 -9999 -9999 -9999 -9999 272 273 282 289 291 290 283 274 266 259 254 253 251 250 248 246 238 227 214 202 195 170 157 149 147 144 140 136 131 128 127 131 139 142 138 144 148 135 127 137 133
-9999 -9999 -9999 -9999 -9999 -9999 -9999 -9999 -9999 -9999 -9999 -9999 -9999 -9999 -9999 -9999 -9999 -9999 -9999 -9999 -9999 -9999 -9999 -9999 -9999 -9999 -9999 -9999 -9999 -9999 -9999 -9999 -9999 -9999 -9999 -9999 -9999 -9999 -9999 -9999 -9999 -9999 -9999 -9999 -9999 -9999 -9999 -9999 283 290 296 297 294 287 278 271 262 257 253 250 243 240 229 217 211 205 196 162 146 142 140 141 137 134 128 123 118 114 116 117 119 118 121 115 105 110 126 123
