RDATA/clipped/fe_buffer_bio14.asc
NCOLS 1344 
NROWS 672 
XLLCORNER -43 
YLLCORNER 25 
CELLSIZE 0.0833333333333333 
NODATA_value -9999 
[rows 160 to 199 of 672, columns 720 to 809 of 1344]
51 48 46 42 40 42 38 34 32 32 32 33 32 33 35 31 29 34 33 28 23 23 22 22 23 23 23 23 22 22 21 22 23 23 22 22 23 23 23 23 23 23 23 23 23 23 22 22 22 23 23 23 23 22 22 22 22 22 22 22 22 22 22 23 23 23 23 23 23 23 24 24 25 25 25 25 25 25 25 25 25 26 26 26 26 26 26 27 26 26
47 46 44 45 45 45 42 40 38 36 35 34 31 28 32 36 30 25 24 25 24 24 23 21 22 22 22 23 22 21 22 22 21 22 22 22 22 22 23 23 23 23 23 24 23 23 23 23 23 23 23 24 23 23 23 23 23 23 23 23 23 22 22 22 23 23 23 23 23 24 24 24 25 25 25 25 25 25 25 25 26 26 26 26 26 26 27 26 26 26
49 46 45 47 47 45 47 46 45 40 40 41 37 31 28 26 24 26 25 23 22 21 21 21 21 21 21 21 22 21 22 22 22 23 23 23 23 23 23 23 23 23 24 23 23 23 23 23 23 23 23 23 23 23 23 23 23 23 23 23 23 23 23 23 23 23 23 23 23 24 24 24 24 24 25 25 25 25 25 25 25 26 26 26 27 26 26 26 26 26
49 46 46 48 48 47 45 42 41 43 38 38 34 31 35 35 31 26 25 24 23 22 22 22 22 21 22 21 21 21 22 23 22 21 22 22 23 23 23 24 24 24 24 24 24 23 24 24 23 23 24 23 24 23 23 23 24 23 23 23 23 23 23 23 23 23 23 23 24 24 24 24 25 25 25 25 25 25 25 26 26 26 26 26 26 26 26 27 27 27
48 47 45 48 48 48 46 44 37 38 40 42 41 35 33 30 31 28 30 29 28 26 22 21 21 21 23 23 21 21 22 22 21 21 22 22 22 22 22 23 23 23 23 24 24 24 24 24 24 24 24 24 23 23 23 24 24 24 24 24 24 24 23 23 24 24 24 24 24 24 24 24 25 25 25 25 26 26 26 26 26 26 26 26 26 26 27 27 27 27
47 45 48 48 46 44 46 46 44 44 38 32 35 36 33 31 27 26 27 27 27 27 26 24 22 21 20 21 21 21 21 21 21 21 22 22 22 23 23 23 23 23 23 23 23 24 24 24 24 24 24 24 23 23 23 23 24 25 25 24 24 24 24 24 24 24 24 24 24 24 25 25 25 26 26 26 26 26 26 26 26 27 27 27 27 27 27 27 27 27
48 43 45 43 42 38 42 42 41 38 35 35 35 30 28 27 27 25 25 25 25 25 26 25 23 23 22 20 20 20 20 21 21 21 22 22 22 23 23 23 23 23 24 24 23 23 23 23 23 23 23 24 24 24 24 23 23 24 24 24 25 24 24 24 24 24 24 24 25 25 25 26 26 26 26 26 26 27 27 27 27 27 27 27 27 27 27 27 27 27
48 43 43 46 44 40 36 32 32 32 32 32 31 30 30 27 26 25 23 23 23 24 24 24 23 23 22 22 22 22 22 22 21 21 22 22 23 23 23 23 23 23 24 24 24 24 24 24 24 24 23 23 23 23 24 24 24 24 24 24 25 25 25 24 24 25 24 25 25 25 26 26 26 27 27 27 27 27 27 27 27 27 27 27 27 27 27 28 27 27
48 48 44 41 39 37 34 32 30 32 32 31 32 31 29 27 26 25 23 23 24 23 22 22 21 22 22 22 22 22 22 22 22 21 22 23 22 22 23 23 23 23 23 24 24 24 24 24 24 24 24 24 24 24 24 24 24 24 24 24 25 25 25 25 25 25 25 25 25 25 26 26 26 27 27 28 27 27 27 27 27 26 26 26 27 28 28 28 27 27
41 42 45 45 42 39 35 34 33 30 29 28 27 27 26 25 25 25 24 23 22 22 22 22 22 21 21 21 21 21 22 22 22 21 22 22 22 23 23 23 24 24 23 23 24 24 24 24 24 24 24 24 24 24 24 24 24 24 24 24 25 25 25 25 26 26 26 26 26 26 26 26 27 27 28 28 28 28 27 27 27 27 27 27 28 28 27 28 27 27
42 38 37 39 39 38 36 34 33 32 31 29 29 28 27 27 27 27 26 25 24 23 22 22 21 21 21 21 21 21 22 22 22 22 21 22 22 22 23 23 24 24 24 24 24 24 24 24 24 25 25 25 25 25 25 25 25 25 25 25 25 25 25 25 26 26 26 26 26 26 27 27 27 27 28 28 29 29 28 28 28 27 27 27 28 29 28 27 27 27
43 44 40 37 34 33 34 34 34 34 32 31 31 30 29 28 28 26 25 24 24 23 23 23 22 22 22 21 21 21 21 21 21 22 22 22 22 22 22 22 23 24 24 25 25 24 24 24 25 25 25 26 26 26 26 25 25 25 25 25 25 25 25 26 26 27 27 26 26 27 27 27 27 28 28 28 28 28 29 28 28 27 27 27 28 28 29 28 27 27
40 40 40 39 35 34 33 32 31 31 31 32 33 32 31 30 30 29 27 26 25 24 23 23 23 23 23 22 22 21 21 21 21 22 22 22 22 23 23 23 23 23 25 25 25 25 25 25 25 25 25 26 26 26 26 26 26 26 26 26 26 26 26 26 26 27 27 27 27 27 27 28 28 28 28 28 28 28 29 29 28 28 27 28 28 28 29 28 27 28
38 37 36 36 36 35 34 31 30 30 31 32 32 32 30 29 28 29 27 27 27 26 25 24 24 23 23 23 23 23 23 22 22 23 23 22 23 23 23 23 23 23 23 24 25 25 25 25 25 25 25 26 26 26 26 26 26 27 26 26 26 26 26 26 26 26 27 27 27 27 27 28 28 28 28 28 29 28 28 29 28 28 28 29 29 29 28 28 27 27
37 36 34 34 34 33 32 32 31 30 30 29 29 30 30 29 28 27 27 27 27 26 26 25 25 25 24 24 24 23 23 23 23 23 24 24 23 23 23 23 24 23 23 23 24 24 25 25 25 25 26 26 26 26 26 26 26 27 27 28 27 27 27 27 27 27 27 27 27 27 27 27 28 28 28 29 29 29 29 28 28 29 29 29 28 28 28 28 28 28
35 34 33 33 33 33 33 32 31 30 30 30 29 29 28 28 29 28 26 26 26 26 26 26 25 25 25 25 25 25 24 24 24 24 24 25 24 24 24 24 24 24 24 24 24 24 25 25 25 25 25 26 26 26 27 27 26 26 27 28 28 28 28 27 27 27 27 27 27 27 27 27 28 28 29 29 29 28 29 28 28 29 29 29 29 29 29 29 28 28
35 34 33 32 31 31 32 32 33 31 30 30 29 28 29 28 28 27 26 26 26 26 26 26 26 26 26 26 26 26 25 26 25 25 25 25 25 25 24 24 24 24 25 25 24 24 25 25 25 25 26 26 26 26 26 27 26 26 27 27 28 28 28 28 28 28 28 28 28 28 27 28 28 28 29 29 29 29 29 28 29 29 29 29 29 29 29 29 29 29
34 33 33 32 31 31 31 30 30 30 29 29 30 29 29 29 28 27 27 26 26 26 26 26 26 26 26 26 26 26 25 26 26 25 25 25 26 26 25 25 25 25 25 25 25 25 24 25 25 25 26 26 26 26 26 26 27 26 27 28 28 28 28 29 28 29 29 28 28 28 28 28 29 29 28 29 29 29 29 29 29 29 29 29 29 29 29 29 29 29
34 32 32 31 31 31 31 31 29 29 29 29 29 29 29 29 28 28 28 27 26 26 26 26 26 25 26 26 26 26 26 25 25 25 25 25 25 26 26 26 26 26 26 26 26 25 25 25 25 27 26 26 26 26 26 27 27 27 27 27 28 28 28 28 28 28 28 28 28 28 28 28 29 29 29 29 29 29 29 29 29 29 29 29 30 30 30 29 29 28
35 34 32 32 30 31 30 29 29 29 29 29 28 28 28 28 28 28 28 27 26 26 26 26 26 26 26 25 25 26 25 25 25 25 25 25 25 25 26 26 26 26 26 26 26 25 25 25 25 26 27 26 27 27 27 27 27 27 27 27 28 28 28 28 28 28 28 28 28 28 28 29 28 29 29 29 29 29 29 29 29 29 29 29 29 29 29 29 29 28
34 32 32 32 32 31 30 30 29 29 29 28 29 29 29 28 28 28 27 27 26 26 26 26 26 26 26 25 25 25 26 26 26 26 25 25 25 25 25 26 26 26 27 27 27 27 26 27 27 27 26 26 27 27 27 27 27 27 28 28 28 27 28 28 28 28 28 28 28 28 28 28 29 28 29 29 29 29 29 29 29 30 30 30 30 30 29 29 29 28
33 32 31 31 31 30 29 29 29 29 29 29 29 29 29 29 28 28 28 27 27 26 27 26 27 26 26 26 26 26 26 26 26 25 26 26 26 25 26 25 25 26 26 27 27 27 27 27 27 27 27 27 27 27 27 27 27 28 28 28 28 28 28 28 27 27 28 28 28 28 28 28 28 28 28 29 29 29 29 29 29 30 30 30 30 30 29 29 29 28
32 31 31 31 31 31 30 30 30 29 29 29 28 29 29 28 28 28 28 28 28 27 27 27 27 28 27 27 27 26 26 26 27 27 27 27 27 27 27 27 27 27 26 26 27 27 27 27 27 27 27 27 28 28 28 27 28 28 28 28 28 28 28 28 27 27 28 28 28 28 28 28 28 28 28 28 29 29 29 29 29 29 30 30 30 30 30 29 28 28
30 29 29 29 30 31 31 29 29 29 29 29 29 28 28 28 28 28 28 28 28 27 27 27 27 27 27 27 27 27 27 27 27 27 27 27 27 27 27 27 27 27 26 27 27 27 27 27 27 27 27 28 28 28 28 28 28 28 28 28 28 28 28 28 28 28 -9999 28 28 28 28 28 28 28 28 28 -9999 -9999 29 -9999 29 29 -9999 29 -9999 29 -9999 29 -9999 -9999
30 30 29 30 29 28 29 28 29 29 29 29 29 28 28 28 29 28 28 28 28 28 27 27 27 27 27 27 27 27 28 28 27 28 28 28 29 29 29 28 28 28 28 28 28 28 28 28 28 28 28 28 28 28 28 28 28 29 29 28 28 28 28 28 28 28 28 28 -9999 28 -9999 28 28 28 -9999 -9999 -9999 -9999 -9999 -9999 29 29 29 -9999 -9999 -9999 -9999 -9999 -9999 -9999
29 29 30 29 28 28 28 28 29 28 28 28 28 28 28 28 28 29 29 29 28 28 28 29 29 29 28 28 28 28 28 28 28 28 29 29 29 29 29 29 29 29 29 28 28 28 28 28 28 28 28 28 28 28 28 28 28 29 29 29 29 28 28 28 28 -9999 28 28 28 28 -9999 -9999 -9999 -9999 -9999 -9999 -9999 -9999 -9999 -9999 29 29 -9999 -9999 -9999 -9999 -9999 -9999 -9999 -9999
29 30 30 29 29 28 28 28 28 28 28 28 28 28 29 29 28 28 28 28 28 29 29 29 29 29 29 28 28 28 28 28 28 29 29 29 29 29 29 30 30 30 30 30 29 29 29 29 29 29 28 28 28 28 28 28 29 29 29 29 29 29 29 28 28 28 28 28 28 -9999 -9999 -9999 -9999 -9999 -9999 -9999 -9999 -9999 -9999 -9999 -9999 -9999 -9999 -9999 -9999 -9999 -9999 -9999 -9999 -9999
30 29 29 29 29 28 28 29 28 28 28 28 28 28 28 28 28 29 28 28 28 28 28 28 28 28 29 29 29 29 29 29 29 29 29 29 29 29 29 30 30 30 30 30 30 30 30 30 29 28 28 28 28 28 28 29 29 29 29 29 29 -9999 -9999 -9999 29 29 28 -9999 -9999 -9999 -9999 -9999 -9999 -9999 -9999 -9999 -9999 -9999 -9999 -9999 -9999 -9999 -9999 -9999 -9999 -9999 -9999 -9999 -9999 -9999
31 31 31 29 28 28 28 28 28 28 28 28 28 28 28 28 28 28 28 28 28 28 28 29 28 28 28 29 29 29 29 29 29 29 29 29 29 29 29 30 30 31 30 30 31 31 31 31 30 30 29 29 29 29 29 29 29 30 30 29 -9999 -9999 -9999 -9999 -9999 -9999 -9999 -9999 -9999 -9999 -9999 -9999 -9999 -9999 -9999 -9999 -9999 -9999 -9999 -9999 -9999 -9999 -9999 -9999 -9999 -9999 -9999 -9999 -9999 -9999
28 29 28 28 28 28 28 28 28 28 28 28 28 28 28 28 29 28 28 28 28 28 29 29 29 29 28 29 29 30 29 29 30 30 30 30 30 30 30 31 31 31 31 31 31 31 31 31 30 31 30 30 30 29 29 29 30 30 30 30 -9999 -9999 -9999 -9999 -9999 -9999 -9999 -9999 -9999 -9999 -9999 -9999 -9999 -9999 -9999 -9999 -9999 -9999 -9999 -9999 -9999 -9999 -9999 -9999 -9999 -9999 -9999 -9999 -9999 -9999
27 27 27 27 27 27 27 28 28 28 28 28 28 28 28 28 29 29 29 29 29 29 29 29 29 29 29 29 29 29 29 29 30 30 30 30 30 31 31 31 31 31 31 32 31 31 31 31 30 30 30 30 30 30 30 30 30 -9999 -9999 -9999 -9999 -9999 -9999 -9999 -9999 -9999 -9999 -9999 -9999 -9999 -9999 -9999 -9999 -9999 -9999 -9999 -9999 -9999 -9999 -9999 -9999 -9999 -9999 -9999 -9999 -9999 -9999 -9999 -9999 -9999
27 26 26 26 27 27 27 28 28 28 28 29 28 29 28 28 28 29 29 29 29 29 29 29 30 29 30 29 29 29 29 29 30 30 30 30 31 31 31 31 31 31 31 32 32 31 31 31 31 31 31 31 30 30 30 -9999 -9999 -9999 -9999 -9999 -9999 -9999 -9999 -9999 -9999 -9999 -9999 -9999 -9999 -9999 -9999 -9999 -9999 -9999 -9999 -9999 -9999 -9999 -9999 -9999 -9999 -9999 -9999 -9999 -9999 -9999 -9999 -9999 -9999 -9999
28 27 27 28 27 28 28 28 28 28 28 28 28 29 29 29 29 29 29 29 29 29 29 29 29 30 30 30 30 30 30 30 30 30 30 30 31 31 31 32 32 31 31 31 32 32 31 31 31 31 31 31 31 -9999 -9999 -9999 -9999 -9999 -9999 -9999 -9999 -9999 -9999 -9999 -9999 -9999 -9999 -9999 -9999 -9999 -9999 -9999 -9999 -9999 -9999 -9999 -9999 -9999 -9999 -9999 -9999 -9999 -9999 -9999 -9999 -9999 -9999 -9999 -9999 -9999
28 27 28 28 29 29 29 29 28 28 28 28 28 29 28 29 29 29 29 29 29 29 29 30 30 30 30 30 31 31 31 31 31 31 31 31 31 31 31 32 32 32 32 32 32 31 31 31 31 31 31 31 -9999 -9999 -9999 -9999 -9999 -9999 -9999 -9999 -9999 -9999 -9999 -9999 -9999 -9999 -9999 -9999 -9999 -9999 -9999 -9999 -9999 -9999 -9999 -9999 -9999 -9999 -9999 -9999 -9999 -9999 -9999 -9999 -9999 -9999 -9999 -9999 -9999 -9999
28 29 29 29 29 29 29 29 29 29 29 29 29 29 29 29 29 29 29 29 29 30 30 30 30 30 30 31 31 31 31 32 32 32 32 32 32 32 32 32 32 32 32 32 32 32 32 32 31 32 32 32 -9999 -9999 -9999 -9999 -9999 -9999 -9999 -9999 -9999 -9999 -9999 -9999 -9999 -9999 -9999 -9999 -9999 -9999 -9999 -9999 -9999 -9999 -9999 -9999 -9999 -9999 -9999 -9999 -9999 -9999 -9999 -9999 -9999 -9999 -9999 -9999 -9999 -9999
28 28 28 29 30 30 30 29 29 29 29 29 29 29 29 30 30 30 30 30 30 30 30 30 30 30 30 30 31 31 32 32 32 32 32 32 33 33 33 33 32 32 32 32 32 32 32 32 32 32 32 32 -9999 -9999 -9999 -9999 -9999 -9999 -9999 -9999 -9999 -9999 -9999 -9999 -9999 -9999 -9999 -9999 -9999 -9999 -9999 -9999 -9999 -9999 -9999 -9999 -9999 -9999 -9999 -9999 -9999 -9999 -9999 -9999 -9999 -9999 -9999 -9999 -9999 26
28 28 28 29 29 30 30 30 30 30 30 30 30 30 30 30 30 30 30 30 30 30 30 31 31 31 31 31 31 32 32 32 33 33 33 33 33 33 33 34 33 33 32 33 33 33 32 32 32 32 32 32 32 -9999 -9999 -9999 -9999 -9999 -9999 -9999 -9999 -9999 -9999 -9999 -9999 -9999 -9999 -9999 -9999 -9999 -9999 -9999 -9999 -9999 -9999 -9999 -9999 -9999 -9999 -9999 -9999 -9999 -9999 -9999 -9999 -9999 -9999 -9999 26 26
28 28 28 29 29 30 30 30 31 31 31 31 31 31 31 30 31 30 30 31 30 31 31 31 31 31 31 31 32 32 32 33 33 33 33 33 33 34 34 34 33 33 33 33 33 33 33 33 33 33 33 33 32 32 32 -9999 -9999 -9999 -9999 -9999 -9999 -9999 -9999 -9999 -9999 -9999 -9999 -9999 -9999 -9999 -9999 -9999 -9999 -9999 -9999 -9999 -9999 -9999 -9999 -9999 -9999 -9999 -9999 -9999 -9999 -9999 -9999 26 26 26
28 28 28 29 29 30 30 30 31 31 32 32 32 32 31 31 31 31 31 32 32 31 31 31 31 31 31 32 32 32 33 33 33 33 33 33 34 34 34 34 33 33 33 34 33 33 33 33 33 33 33 33 33 33 32 32 -9999 -9999 -9999 -9999 -9999 -9999 -9999 -9999 -9999 -9999 -9999 -9999 -9999 -9999 -9999 -9999 -9999 -9999 -9999 -9999 -9999 -9999 -9999 -9999 -9999 -9999 -9999 -9999 -9999 27 27 27 26 26
29 29 28 29 29 29 30 30 30 31 31 32 31 32 32 32 32 32 31 31 32 32 32 32 32 32 32 32 32 32 33 33 33 34 34 34 34 34 34 35 34 33 34 34 34 34 33 33 33 33 33 33 33 33 32 -9999 -9999 -9999 -9999 -9999 -9999 -9999 -9999 -9999 -9999 -9999 -9999 -9999 -9999 -9999 -9999 -9999 -9999 -9999 -9999 -9999 -9999 -9999 -9999 -9999 -9999 -9999 -9999 27 27 27 27 27 27 27
