RDATA/clipped/fe_buffer_bio17.asc
NCOLS 1344 
NROWS 672 
XLLCORNER -43 
YLLCORNER 25 
CELLSIZE 0.0833333333333333 
NODATA_value -9999 
[rows 39 to 77 of 672, columns 88 to 175 of 1344]
150 150 150 150 150 149 149 148 148 148 148 148 148 148 148 148 148 148 148 148 147 146 145 145 145 144 144 143 142 142 141 141 141 140 139 139 138 138 138 138 138 138 138 137 137 136 136 136 135 135 134 134 134 133 133 133 132 132 132 132 131 130 130 130 130 129 129 129 129 128 128 127 126 126 126 124 122 122 120 119 119 119 119 118 118 118 116 116
152 151 151 151 151 151 151 151 150 150 150 150 149 149 149 148 148 148 148 148 148 148 148 147 146 146 145 145 144 144 143 143 142 141 141 141 141 141 141 139 139 139 138 138 138 138 138 138 137 137 137 136 136 135 135 134 134 134 133 133 132 132 132 132 131 131 131 130 129 129 129 129 128 126 126 126 125 124 123 122 122 121 121 121 120 119 119 118
153 153 153 152 152 151 151 151 151 151 151 151 151 151 151 150 150 150 149 149 149 149 149 148 148 148 147 146 146 146 145 145 144 144 143 143 143 142 141 141 141 141 141 141 141 141 139 139 138 138 138 138 138 138 137 137 136 136 136 135 135 135 135 134 134 133 133 133 132 132 132 132 129 129 129 127 127 125 125 124 123 123 122 122 122 122 121 121
154 154 153 153 153 153 153 153 153 152 152 151 151 151 151 151 151 151 150 150 150 150 149 149 149 149 149 148 148 147 146 146 146 146 146 145 144 144 143 143 143 143 142 142 141 141 141 141 141 141 140 139 139 138 138 138 138 138 137 137 137 137 137 136 136 136 136 135 135 135 135 134 132 132 131 130 128 127 126 125 125 125 124 124 124 124 124 124
155 154 154 154 154 154 153 153 153 153 153 153 152 152 152 152 152 152 151 151 150 150 150 150 150 149 149 149 149 149 149 147 147 146 146 146 146 146 146 145 145 144 144 143 143 143 143 142 142 141 141 141 141 141 141 140 140 139 139 139 139 139 138 138 138 138 138 138 138 138 138 135 135 135 134 133 130 129 128 128 128 127 127 127 127 126 126 126
156 156 156 155 155 154 154 154 153 153 153 153 153 153 153 153 152 152 152 152 152 152 151 151 150 150 150 149 149 149 149 149 149 148 147 147 146 146 146 146 146 146 146 146 145 144 144 143 143 143 143 143 142 142 141 141 141 141 141 140 140 140 140 140 141 140 140 140 141 141 140 138 138 137 136 135 133 132 131 130 130 129 128 128 128 128 127 127
156 156 156 156 156 156 156 156 155 155 153 153 153 153 153 153 153 153 153 153 152 152 152 152 151 151 151 151 151 150 149 149 149 149 149 149 148 148 147 146 146 146 146 146 146 146 146 146 145 144 144 144 143 143 143 143 142 142 141 141 141 141 141 141 141 141 141 142 141 141 141 141 140 139 138 136 135 134 132 131 131 131 130 130 130 130 130 129
158 156 156 156 156 156 156 156 156 156 156 154 154 154 154 154 153 153 153 153 153 153 153 153 152 152 151 151 151 151 151 151 151 150 149 149 149 149 149 148 148 148 148 146 146 146 146 146 146 146 146 146 145 144 144 143 143 143 143 142 143 143 143 143 142 142 143 143 143 143 144 141 141 140 140 139 136 135 134 133 133 133 132 131 131 131 130 130
159 159 159 159 158 158 157 156 156 156 156 156 156 156 155 154 154 154 154 154 154 154 154 154 154 154 153 153 152 151 151 151 151 151 151 151 151 151 149 149 149 149 148 148 148 148 148 146 146 146 146 146 146 146 146 145 144 144 144 144 144 143 143 143 143 144 143 143 143 144 144 143 143 141 140 139 138 136 135 134 134 134 134 133 133 133 133 133
160 160 159 159 159 159 159 158 158 158 158 157 157 157 157 156 156 155 155 155 154 154 154 154 154 154 154 154 154 154 154 154 154 152 151 151 151 151 151 151 151 151 151 149 149 149 149 148 148 148 148 146 146 146 146 146 146 146 145 144 144 144 144 143 143 144 144 144 143 144 144 144 143 143 141 139 139 138 137 136 136 136 136 136 136 136 135 135
162 162 161 161 161 161 161 160 160 160 159 158 158 158 158 158 157 157 157 157 157 157 156 156 156 156 156 156 154 154 154 154 154 154 154 154 154 154 153 152 151 151 151 151 151 151 151 151 150 149 149 149 148 148 148 148 146 146 146 146 146 145 145 146 146 144 144 144 145 145 144 144 143 143 143 142 140 139 138 138 138 138 137 137 137 137 137 136
164 164 164 164 164 163 161 161 161 161 161 161 161 161 160 160 159 159 159 159 159 159 159 159 158 157 157 157 157 156 156 156 156 156 156 155 155 154 154 154 154 154 154 154 154 154 154 152 151 151 151 151 151 151 150 149 149 149 149 149 148 148 148 147 147 146 147 147 147 146 146 146 146 146 144 143 142 141 140 139 139 139 139 139 139 139 139 139
167 167 166 166 164 164 164 164 164 164 164 164 163 163 162 162 162 162 162 162 162 162 162 161 159 159 159 159 159 159 159 159 159 158 158 157 156 156 156 156 156 156 156 156 155 155 155 155 154 154 154 154 154 154 153 151 151 151 151 151 150 151 151 151 151 149 150 150 150 150 150 150 149 149 147 146 145 144 143 142 142 142 142 142 142 142 142 142
170 169 169 169 169 168 167 167 167 166 166 166 166 166 166 165 165 165 165 165 165 164 164 164 164 162 162 162 162 162 162 162 162 162 160 160 159 159 159 159 159 159 159 158 158 158 158 157 157 157 156 156 156 155 154 154 154 154 154 154 154 153 154 154 154 154 155 154 154 155 155 155 155 153 153 151 149 147 147 146 146 146 146 145 145 145 145 145
172 172 172 172 172 172 172 171 170 169 169 169 169 169 168 168 168 167 167 167 167 167 167 167 167 167 167 166 165 165 165 165 164 164 164 164 163 163 163 162 162 162 162 162 162 162 162 162 162 162 161 159 159 159 159 159 157 157 157 157 157 156 156 157 157 157 157 157 157 157 158 158 158 157 156 155 152 150 150 149 149 149 148 148 148 148 148 148
176 175 175 175 175 175 175 174 173 173 172 172 172 172 171 170 170 170 170 170 170 170 170 170 169 167 167 167 167 167 167 167 167 167 167 167 167 167 167 166 166 166 166 166 166 166 166 166 166 165 165 165 165 165 163 162 162 162 162 162 161 160 161 161 160 160 161 161 161 160 161 161 160 160 159 156 154 153 152 150 151 151 151 151 151 151 150 150
178 178 178 178 178 177 177 177 177 176 176 175 174 174 174 173 173 173 173 173 172 172 172 172 170 170 170 170 170 170 170 170 170 170 170 170 170 170 170 170 170 170 170 170 170 170 170 170 170 169 169 169 168 168 167 167 166 166 165 165 166 166 166 165 165 166 166 165 164 164 164 164 163 163 160 158 156 154 153 153 152 152 152 152 151 151 151 151
180 180 180 180 180 180 180 180 179 178 178 177 177 177 177 176 176 176 175 175 175 175 175 175 175 174 174 174 173 173 173 173 173 173 173 173 173 174 174 174 174 174 174 174 174 175 174 174 174 174 174 173 173 173 173 172 170 170 170 170 170 169 169 169 168 169 169 169 168 167 168 167 166 166 164 161 159 157 156 155 155 154 154 154 154 154 154 154
181 180 180 180 180 180 180 180 180 180 180 180 180 180 179 178 178 178 178 178 178 178 178 178 178 178 178 177 177 177 176 176 176 177 177 177 177 178 178 178 178 178 178 178 178 178 178 178 178 178 178 178 178 178 178 177 176 176 176 175 174 174 173 172 172 171 171 172 171 171 171 171 170 169 168 164 162 160 159 158 158 157 157 157 157 157 156 155
183 183 183 183 182 182 182 182 182 181 181 181 181 181 181 181 181 181 181 181 181 180 180 180 180 180 180 179 179 179 179 179 179 179 179 179 179 180 180 180 180 181 181 181 181 181 181 181 181 181 181 181 181 181 180 180 179 179 179 179 179 177 177 176 176 175 174 175 174 174 173 173 172 172 170 167 165 163 162 161 160 160 160 160 158 157 157 157
184 183 183 183 183 183 183 183 183 182 182 182 182 182 182 182 182 182 182 182 182 182 181 182 182 182 182 182 181 181 181 181 181 182 182 182 182 182 182 182 182 182 182 182 182 182 182 182 182 182 182 182 182 182 181 181 181 181 181 180 179 179 180 179 179 178 177 177 177 176 176 175 175 174 172 170 167 165 164 163 162 162 161 160 160 160 160 160
185 185 185 185 185 185 185 185 185 185 185 185 185 184 184 184 183 183 183 183 183 183 183 183 183 183 183 183 183 183 183 183 183 183 183 183 183 183 183 183 183 183 183 183 183 183 183 183 183 183 183 183 183 183 183 182 182 182 181 181 182 182 181 181 180 180 180 180 178 178 178 178 178 176 175 171 169 167 165 164 164 163 163 163 162 160 160 160
187 187 187 186 185 185 185 186 186 186 186 186 186 186 186 186 186 186 186 186 186 186 186 186 186 186 185 184 184 184 184 184 184 184 184 184 184 184 184 184 184 184 185 185 185 185 185 185 185 185 185 185 185 185 184 183 183 183 182 183 182 182 182 182 182 182 181 180 181 181 180 180 179 179 175 173 170 168 167 165 165 165 163 163 163 163 161 160
188 188 188 188 188 188 188 188 188 188 188 187 187 187 187 187 187 187 188 188 188 188 187 187 187 187 187 187 187 187 187 187 187 186 186 186 186 187 187 187 187 187 187 187 187 187 187 186 186 186 186 186 186 186 185 185 185 184 184 184 184 184 182 183 183 183 183 183 183 182 182 182 181 179 178 175 173 170 168 168 166 166 165 165 163 163 163 161
189 189 190 190 190 190 190 190 190 190 189 189 189 189 189 189 189 189 189 189 189 189 189 188 188 188 188 188 188 188 188 188 188 188 188 188 188 188 187 187 187 187 187 187 187 187 187 187 187 187 187 187 187 187 186 186 186 185 185 184 184 184 185 185 185 185 185 185 184 184 184 183 182 181 178 176 173 171 168 168 168 168 166 166 165 163 163 161
191 191 191 190 190 190 190 190 190 190 191 191 191 191 191 191 191 191 191 191 191 191 191 191 191 191 191 191 191 190 190 190 190 189 189 189 189 189 189 189 189 189 189 189 189 189 189 189 188 188 188 187 187 187 187 187 187 186 186 186 186 186 185 185 186 186 186 186 186 185 184 184 183 182 180 178 173 172 171 170 169 169 168 167 166 164 163 163
192 193 193 193 193 193 193 193 193 193 193 193 192 192 192 192 192 192 191 192 192 192 192 192 192 192 192 192 192 192 192 192 191 191 191 191 191 191 190 190 190 190 190 190 189 189 189 189 189 189 189 189 188 188 188 187 187 187 187 186 187 187 187 187 187 187 186 187 186 186 185 184 185 184 181 178 176 173 171 171 171 169 168 167 166 165 164 163
193 193 193 193 193 193 193 193 194 194 194 194 194 194 194 194 194 194 194 194 193 193 193 193 193 193 193 193 192 192 192 192 192 192 192 192 192 192 192 192 192 192 191 191 190 190 190 189 189 189 189 189 189 189 189 188 188 187 187 187 188 187 187 187 188 187 186 186 186 186 184 184 183 182 181 178 176 174 172 171 170 168 167 165 164 164 164 164
196 195 195 195 195 195 195 195 195 195 195 195 195 195 194 194 194 194 194 194 194 194 194 193 193 193 193 193 193 193 193 192 192 192 192 192 192 192 192 192 192 192 192 192 192 192 189 189 189 189 189 189 189 189 189 189 188 188 187 187 188 188 187 187 187 186 186 185 185 183 183 184 183 182 180 178 176 173 171 169 168 168 167 166 165 165 164 164
196 196 196 196 196 196 196 197 196 196 196 196 196 196 196 196 196 196 196 196 196 195 195 195 194 194 194 194 194 194 193 193 193 192 192 192 192 192 192 192 192 191 191 191 191 191 190 189 189 189 189 189 189 189 189 189 188 187 187 187 187 186 185 185 185 185 184 183 184 183 183 183 183 182 180 178 174 172 170 169 168 167 167 167 166 166 165 164
198 198 198 198 198 198 198 198 198 198 198 198 196 196 196 196 196 196 196 196 196 196 196 195 194 194 194 194 194 194 194 194 194 193 192 192 192 192 192 191 191 191 191 191 191 191 190 190 189 189 189 189 189 189 187 187 186 186 184 184 184 183 182 182 182 182 183 183 183 183 183 182 181 181 180 177 174 172 170 169 169 169 168 167 167 166 166 164
200 201 201 200 200 200 199 199 199 199 199 199 199 199 198 198 197 196 196 196 196 196 196 196 195 194 194 194 194 194 194 194 194 194 194 194 193 193 192 192 191 191 191 191 191 190 190 189 189 189 189 187 186 186 186 185 184 183 183 181 182 182 182 181 182 182 182 181 181 181 180 180 179 178 178 176 174 171 170 169 169 169 166 166 166 165 164 164
201 201 201 201 201 201 201 200 200 200 200 200 199 199 199 199 198 198 198 197 197 197 196 196 195 195 194 194 194 194 194 194 194 194 194 194 194 194 194 193 193 191 191 191 191 190 189 188 188 187 186 186 186 185 183 183 183 182 181 181 181 182 182 181 181 180 180 180 180 179 178 178 178 178 176 176 173 171 169 169 167 166 166 166 165 163 163 163
203 203 203 203 203 203 203 203 202 202 201 201 201 201 200 199 199 198 198 198 197 197 197 197 196 196 195 195 194 194 194 194 194 194 194 194 194 194 194 192 192 191 191 191 190 190 188 187 187 186 186 184 184 183 183 183 182 182 181 181 181 181 179 180 180 179 179 179 178 178 178 177 177 178 176 176 173 171 169 167 167 166 165 164 164 163 163 163
205 204 203 203 203 203 203 203 203 203 203 203 201 201 201 201 200 198 198 198 198 197 197 197 196 196 196 196 196 196 196 196 195 195 194 194 194 193 192 192 192 191 191 190 189 188 187 187 187 185 184 184 184 183 183 182 182 181 180 181 180 179 179 179 178 177 178 177 177 177 178 177 177 176 175 175 173 171 168 167 167 166 166 165 165 165 165 165
206 206 206 206 206 206 206 205 205 204 204 204 204 201 201 201 201 199 198 198 198 197 197 196 196 196 196 196 196 196 196 196 195 195 194 193 193 192 192 192 191 191 189 189 188 187 187 187 186 185 184 184 184 183 183 181 181 180 180 179 178 178 178 178 177 177 177 177 177 177 177 177 176 176 175 175 173 171 169 168 167 167 167 167 167 166 165 165
209 208 208 208 208 207 207 207 207 205 205 204 204 203 201 201 200 199 198 198 198 197 197 196 196 196 196 196 196 196 196 196 195 195 193 193 193 192 192 192 190 189 189 189 188 187 187 186 186 186 185 184 184 184 181 181 181 180 179 179 178 178 177 176 177 177 177 178 177 177 177 177 176 176 176 175 174 172 170 170 169 168 167 167 167 167 167 167
210 210 210 209 208 208 208 208 208 207 206 206 204 203 202 201 200 199 198 198 198 198 199 198 196 196 196 196 196 196 196 196 195 194 194 193 193 192 192 192 190 189 189 189 189 189 188 187 186 186 186 184 184 184 183 181 181 180 179 179 178 178 178 178 179 177 177 178 178 177 177 178 178 177 176 176 175 172 172 170 170 170 170 170 170 169 168 168
213 212 211 211 211 211 209 209 209 209 208 207 206 206 203 203 202 201 200 199 199 199 199 199 199 199 198 198 197 197 196 196 196 195 194 194 194 193 192 192 191 191 191 189 189 189 189 189 189 187 186 186 186 184 184 184 182 181 181 180 179 179 179 179 179 179 180 180 179 180 180 179 178 178 179 178 177 175 173 172 172 170 170 170 170 170 170 169
