RDATA - Copy/clipped/fe_buffer_bio13.asc
NCOLS 1344 
NROWS 672 
XLLCORNER -43 
YLLCORNER 25 
CELLSIZE 0.0833333333333333 
NODATA_value -9999 
[rows 200 to 239 of 672, columns 1170 to 1259 of 1344]
72 72 72 72 72 73 73 73 73 74 74 74 74 74 74 74 74 74 75 75 76 76 76 77 77 77 77 78 78 78 79 79 78 79 79 79 79 79 79 79 79 79 79 78 78 78 79 78 77 79 81 78 77 77 79 84 87 85 91 88 83 82 80 80 80 82 81 82 78 76 76 75 73 72 72 72 72 72 71 71 71 71 71 71 72 71 71 70 70 70
72 72 73 73 73 73 73 73 73 73 73 74 74 74 74 74 74 74 75 76 76 76 77 77 77 77 77 77 77 78 78 78 79 79 79 79 79 79 80 79 79 79 78 78 79 80 80 79 78 78 78 78 78 78 78 80 83 88 82 80 82 82 81 84 82 81 81 81 78 77 77 74 74 73 73 73 73 72 72 71 71 71 71 71 71 71 70 70 70 70
72 73 73 73 74 74 74 74 74 74 74 74 74 74 74 74 74 74 75 75 75 76 76 76 77 77 77 77 78 78 79 78 78 79 79 79 79 79 80 80 80 80 79 80 80 81 80 80 79 78 78 80 80 79 78 79 82 88 81 82 84 85 90 86 84 83 81 80 79 77 77 75 74 74 74 74 74 73 72 72 72 71 71 71 71 71 71 71 71 71
72 72 73 73 73 74 74 74 74 74 74 74 74 74 74 74 75 75 75 75 75 75 75 76 76 77 77 77 77 78 78 78 78 79 79 79 79 79 80 81 80 81 81 81 81 81 81 81 80 78 78 80 81 79 78 78 80 81 80 80 81 82 83 87 83 82 81 80 79 78 78 76 75 74 74 75 75 74 72 72 72 72 72 71 71 71 71 71 71 72
73 73 73 73 74 74 74 75 74 74 75 75 75 75 75 75 75 75 75 76 76 76 76 76 76 76 77 77 77 77 78 78 78 78 79 79 79 79 80 80 80 81 81 80 81 82 81 80 80 78 79 80 80 78 79 85 88 84 86 81 85 83 85 83 82 81 81 81 79 77 76 77 75 74 75 75 75 74 73 72 72 72 72 72 72 72 72 72 72 73
73 73 73 74 75 75 75 75 75 75 75 75 76 76 76 76 76 76 76 77 77 77 77 77 77 77 77 77 77 77 78 78 78 79 79 79 79 80 81 81 81 81 81 80 81 81 81 80 79 79 81 82 80 83 88 96 94 85 86 83 87 83 84 82 81 81 88 86 80 76 75 75 75 75 76 76 76 76 75 74 73 73 72 72 72 72 72 72 73 73
73 73 73 74 75 75 75 75 75 74 75 75 76 76 76 76 77 77 77 77 77 77 76 76 76 77 77 77 78 78 78 78 78 79 79 79 79 80 81 81 83 83 82 81 81 82 82 80 80 81 83 81 83 88 91 98 92 84 81 85 89 84 82 84 83 80 81 80 77 75 75 77 77 77 77 77 77 76 76 75 74 73 73 73 73 73 73 73 73 73
73 73 73 74 74 75 75 75 75 75 75 75 75 76 76 76 76 77 77 77 77 77 77 77 77 77 77 78 78 79 79 79 79 79 79 79 80 80 81 81 82 85 83 82 82 81 82 81 81 82 83 84 90 89 92 94 93 84 82 87 88 84 81 81 82 80 81 79 77 76 76 77 77 77 77 77 77 77 76 76 75 74 73 73 73 72 72 72 72 73
73 73 73 74 74 75 75 75 75 76 76 76 75 75 75 76 77 77 77 77 77 77 77 77 77 77 77 78 78 79 79 79 79 79 79 80 81 83 82 81 85 86 84 86 84 81 81 81 81 82 84 84 87 90 88 91 90 85 83 88 87 83 81 82 81 79 79 77 77 77 77 78 78 78 77 78 77 77 76 75 75 74 74 73 73 73 73 73 73 72
73 73 73 73 74 74 75 74 75 75 76 76 76 76 76 76 76 77 77 77 77 77 77 76 77 77 78 78 79 79 79 79 79 80 80 81 83 83 81 82 84 84 86 84 83 83 82 82 81 81 83 83 87 91 92 93 88 86 84 87 85 82 82 81 80 79 77 77 77 78 78 78 78 78 77 77 77 77 76 75 74 74 74 73 73 74 76 78 77 76
73 73 73 73 74 74 74 74 75 75 75 75 75 76 76 76 76 77 77 77 77 77 77 77 77 78 78 78 78 79 79 79 79 80 80 81 82 82 81 82 83 85 85 83 84 86 83 83 82 82 84 82 84 89 91 89 89 85 88 85 84 82 82 81 80 78 77 76 76 77 77 77 78 77 77 77 77 76 75 75 74 74 74 73 74 75 77 77 77 76
73 73 73 73 74 74 74 74 74 75 75 75 75 75 76 76 76 77 77 77 77 77 77 77 78 78 78 78 78 79 79 79 80 80 81 81 81 81 82 83 85 84 85 83 83 86 86 83 83 84 85 85 91 96 90 87 86 88 88 87 84 83 82 82 80 78 77 77 76 76 76 76 76 76 77 77 76 75 75 74 74 74 74 74 74 76 77 77 77 77
73 73 73 73 73 73 74 74 74 75 75 75 75 75 76 76 76 77 77 77 77 76 77 77 78 78 78 78 78 79 79 80 80 80 81 81 81 81 82 84 85 84 83 83 84 87 90 87 83 83 83 85 88 92 95 90 88 91 90 88 88 83 83 82 80 78 78 78 78 77 76 76 76 76 75 76 76 75 75 75 75 74 74 74 75 76 76 77 76 76
72 72 73 73 73 73 74 74 74 74 75 75 75 75 75 75 75 76 76 76 77 77 78 78 78 78 78 79 79 79 80 80 80 80 80 80 80 81 82 84 85 85 84 83 84 85 84 83 83 83 90 93 89 94 95 95 93 93 90 87 85 83 83 83 81 80 79 79 78 78 78 78 77 76 76 76 75 75 75 75 75 74 75 75 75 75 75 76 77 77
72 73 73 73 73 74 74 75 75 75 75 75 75 75 76 76 76 76 76 77 77 77 78 78 78 79 79 79 79 79 80 80 80 80 80 80 80 81 82 84 86 86 85 84 84 85 83 83 83 83 87 92 92 95 92 94 92 94 88 87 86 84 84 83 82 81 79 79 79 79 79 79 79 78 77 76 76 76 76 75 75 75 75 75 75 75 75 76 76 76
73 73 74 74 74 75 75 76 76 76 76 76 76 76 76 76 76 76 76 77 77 78 78 78 79 79 79 79 79 79 79 80 80 80 80 80 81 81 82 84 84 86 86 85 85 84 84 83 83 83 85 90 87 88 87 90 94 86 86 85 84 84 83 82 83 82 81 80 80 80 80 80 79 78 77 77 78 78 76 75 75 75 75 75 75 75 75 76 76 76
73 74 74 74 75 75 76 76 77 77 77 78 78 78 78 78 78 77 77 76 77 77 78 78 79 79 79 79 79 79 79 80 80 79 80 80 81 81 82 82 84 84 85 87 87 87 87 84 84 84 84 86 93 91 90 92 91 89 89 86 86 86 85 83 83 82 81 80 80 81 80 79 79 79 79 79 79 79 78 77 76 76 75 75 76 76 76 76 76 76
74 75 75 75 75 76 76 77 77 77 78 78 78 78 78 78 78 78 77 77 76 77 77 78 79 79 79 79 79 79 79 79 80 80 80 80 81 81 82 82 84 85 85 86 88 88 88 88 85 84 84 85 93 91 90 90 88 88 90 91 89 87 87 84 84 82 81 80 80 80 80 80 79 80 80 80 79 79 79 79 78 77 76 76 76 76 76 75 76 76
75 75 75 75 75 76 76 77 77 77 77 77 77 77 78 78 78 78 78 78 77 77 77 78 78 79 79 79 79 79 79 79 79 80 80 81 81 81 82 82 83 83 84 87 87 86 87 89 88 84 84 84 86 86 88 88 88 90 91 92 91 88 86 89 85 83 82 80 79 79 79 79 79 79 79 79 79 79 78 78 77 77 76 76 76 76 76 76 76 76
75 75 75 76 76 76 76 76 76 77 77 77 77 77 77 78 78 78 77 77 77 77 77 78 78 78 78 78 79 79 79 79 79 80 80 81 81 82 82 82 82 84 84 85 86 85 85 87 86 84 84 84 84 86 91 92 93 91 94 90 88 87 89 87 84 83 82 82 81 79 78 78 78 78 79 79 79 78 77 78 79 79 78 77 76 76 76 76 76 76
76 76 76 76 76 76 76 76 77 77 77 77 77 77 77 77 77 77 77 77 77 77 77 77 78 78 78 78 79 79 79 79 80 80 80 81 81 81 82 82 82 83 83 84 84 85 85 89 89 87 91 89 86 85 88 90 93 91 91 94 89 92 92 88 85 83 82 82 82 80 79 78 78 78 78 78 78 78 79 79 79 78 77 77 76 76 76 76 76 77
75 75 75 75 76 77 77 77 77 77 77 77 77 77 77 77 77 76 77 77 77 77 77 77 78 78 78 78 79 79 80 80 80 80 81 81 82 82 83 83 84 85 85 85 84 85 85 89 87 86 88 91 88 86 87 89 90 90 91 94 92 98 90 89 85 83 82 82 82 81 80 79 78 78 78 78 79 79 79 78 78 78 77 77 77 77 77 77 77 76
75 76 76 76 76 76 77 77 77 77 77 77 77 77 77 77 76 76 77 77 77 77 78 78 78 78 78 79 79 80 81 80 81 81 82 82 82 83 83 83 84 86 87 86 86 85 87 85 85 86 85 85 87 86 86 86 89 92 94 90 93 94 91 86 84 83 83 82 82 81 80 79 79 78 78 78 78 78 77 77 78 77 77 77 77 77 77 77 77 77
76 76 76 77 76 76 77 77 78 77 77 77 78 78 77 77 77 77 77 77 77 77 78 78 79 79 79 80 80 80 81 81 81 82 82 82 83 84 84 84 85 86 87 87 87 87 88 86 86 86 86 86 88 92 88 86 87 88 90 89 94 95 89 87 85 84 84 83 83 82 81 79 79 79 78 78 78 78 79 78 77 77 77 77 78 78 78 78 77 78
76 76 76 76 77 77 77 77 77 78 78 78 79 77 77 77 77 77 77 77 78 79 78 79 80 80 80 80 80 80 81 81 82 82 83 83 84 85 85 86 86 87 88 88 88 89 87 87 87 89 90 88 92 96 92 88 88 93 92 94 93 93 90 87 86 85 85 84 83 82 81 80 79 79 79 78 78 79 80 79 78 78 77 77 77 78 78 78 78 78
76 76 77 76 77 77 77 77 77 77 78 78 78 78 78 77 77 77 77 77 78 79 79 79 80 80 80 80 81 81 81 82 82 83 83 84 84 85 86 86 86 87 87 88 89 90 88 87 90 90 91 91 94 93 93 95 93 97 96 99 94 92 89 87 86 86 86 85 83 82 82 81 80 80 79 79 79 79 80 81 79 79 78 78 78 78 78 78 78 78
76 77 76 76 76 76 77 77 77 77 77 78 78 78 78 78 78 78 78 78 79 79 79 80 80 80 80 81 81 82 82 82 83 83 83 84 85 86 86 86 86 87 87 87 89 88 87 87 89 89 91 92 91 91 94 99 99 94 97 95 92 91 90 88 88 86 86 85 85 83 83 82 81 81 80 80 80 80 81 80 79 78 78 78 78 79 79 79 79 80
76 77 77 76 76 76 77 77 77 76 77 78 78 78 78 78 78 78 78 79 80 80 80 81 80 80 81 81 81 82 82 83 83 84 84 85 85 86 86 86 86 87 87 87 87 88 88 87 88 88 90 90 90 90 92 93 94 92 96 97 95 92 92 91 94 87 86 86 85 84 83 83 82 81 81 82 82 81 80 79 79 79 78 78 79 78 80 80 80 81
77 76 77 77 76 77 77 77 77 77 78 78 78 78 78 79 79 79 80 80 81 81 81 81 81 81 82 81 82 82 83 83 84 84 84 85 86 86 86 86 86 86 87 88 88 90 90 89 90 89 90 89 92 94 95 93 96 94 98 102 98 97 95 90 90 88 87 87 86 86 85 84 83 82 81 82 82 81 80 80 79 79 79 79 80 79 80 80 80 80
77 77 76 76 76 77 77 78 79 79 79 79 79 79 79 79 79 80 80 80 81 81 81 81 82 82 83 82 82 83 84 84 84 85 85 85 86 86 86 86 87 87 89 89 89 92 91 90 91 92 92 91 92 94 96 97 99 102 105 100 97 95 93 90 89 89 88 87 87 86 85 85 84 83 82 83 82 81 81 80 80 79 79 79 79 80 81 81 80 81
77 77 77 77 76 77 77 77 78 79 79 79 79 79 79 79 80 80 80 81 81 81 81 81 82 82 83 83 83 83 83 84 85 85 85 85 85 86 86 87 86 88 88 88 89 93 91 90 91 91 92 91 93 97 101 102 100 103 102 99 96 95 95 90 89 89 89 89 88 87 86 86 84 84 83 83 82 82 82 81 81 80 80 80 80 80 80 80 80 81
78 78 78 78 77 77 77 78 79 79 79 79 79 80 80 80 80 80 80 81 81 81 82 82 82 83 83 83 83 84 84 84 84 84 85 85 86 88 88 88 88 88 90 89 90 91 91 90 91 93 94 95 95 97 99 97 101 104 105 100 96 96 92 91 89 89 89 89 88 88 87 86 85 85 84 83 83 83 83 83 83 82 81 81 80 80 80 81 82 82
77 77 77 77 77 77 78 79 79 80 80 80 80 80 80 81 81 80 81 81 81 82 82 82 82 83 84 84 84 84 84 84 85 85 86 86 87 89 89 88 88 88 90 90 90 90 91 91 91 92 93 97 101 102 106 103 105 106 106 101 95 93 92 92 90 90 89 89 89 89 88 86 85 85 84 85 84 83 83 83 83 84 83 82 82 82 81 81 81 82
76 77 77 77 77 77 78 79 80 80 80 79 80 80 80 80 81 81 81 81 81 82 82 82 82 83 84 84 85 85 85 86 86 86 87 88 88 90 89 89 89 90 90 90 89 91 93 92 91 94 96 96 99 100 102 104 99 100 102 100 96 94 100 100 95 91 90 89 89 89 89 87 86 85 86 85 85 85 85 83 84 83 84 84 83 83 83 82 81 81
77 77 78 78 78 78 79 79 79 80 80 80 80 80 80 80 80 81 81 82 82 82 83 83 83 83 84 84 85 86 86 87 87 87 87 88 89 90 89 90 91 90 91 92 91 91 95 94 94 94 96 96 95 94 97 99 101 100 103 101 97 95 103 100 96 91 90 89 89 89 89 88 86 86 86 86 85 85 84 84 84 84 84 84 84 84 84 84 83 82
77 78 78 79 80 80 80 80 80 81 81 81 81 81 81 81 81 81 82 82 83 83 83 83 83 83 84 85 86 86 86 87 88 88 87 88 89 90 90 91 90 91 90 91 91 92 94 94 94 95 95 95 96 94 96 99 101 100 99 98 98 96 96 94 92 91 90 89 89 89 89 88 87 86 86 86 85 85 85 84 85 85 84 84 85 85 84 84 84 84
77 78 79 79 79 80 81 80 81 81 81 81 82 81 82 82 82 82 82 83 83 84 84 83 83 84 85 86 86 86 87 87 86 87 89 89 89 91 92 92 91 92 91 91 90 91 92 93 95 96 94 94 95 96 100 107 109 107 101 100 99 96 94 94 92 90 91 90 90 91 90 88 87 87 88 87 86 85 85 84 85 85 85 85 85 84 84 84 84 84
78 78 78 78 79 80 80 80 80 81 81 82 82 83 83 83 83 84 84 83 84 84 84 85 84 84 84 85 86 87 87 86 86 88 90 91 90 92 92 93 92 93 93 93 92 94 93 94 98 98 95 94 98 103 100 103 107 108 99 97 98 96 94 95 92 91 91 92 91 93 90 88 87 87 88 88 87 87 86 85 85 85 85 85 85 85 85 84 84 84
78 78 78 78 79 79 79 81 81 82 82 83 83 83 83 83 83 83 83 84 85 85 84 85 85 84 85 86 87 88 87 87 87 89 91 91 91 91 92 93 93 92 93 94 94 97 94 95 97 101 97 95 104 106 102 110 108 104 100 97 98 95 98 97 94 93 92 92 92 91 90 89 87 88 88 88 88 87 87 86 85 85 85 85 85 84 84 84 85 85
80 79 80 80 80 80 79 79 80 81 82 83 83 83 83 83 83 83 83 83 85 85 85 85 85 86 86 87 88 88 87 86 88 90 90 91 91 92 93 93 92 92 93 93 95 97 94 95 95 99 95 98 102 104 104 107 106 103 104 106 102 97 100 96 94 94 92 93 94 94 91 90 87 88 89 89 89 89 88 87 87 86 86 86 86 85 85 85 84 84
