RDATA - Copy/clipped/fe_buffer_bio13.asc
NCOLS 1344 
NROWS 672 
XLLCORNER -43 
YLLCORNER 25 
CELLSIZE 0.0833333333333333 
NODATA_value -9999 
[rows 400 to 439 of 672, columns 540 to 629 of 1344]
67 67 68 69 69 70 70 71 70 70 71 72 73 73 73 74 74 75 73 71 69 70 72 72 75 79 80 81 81 81 81 80 80 82 84 83 82 84 83 81 82 84 85 86 87 88 89 90 91 93 95 98 96 94 93 96 96 96 93 92 92 91 91 92 94 92 93 99 107 110 113 129 128 122 119 118 120 120 120 115 116 117 119 119 121 121 120 120 123 126
67 68 69 69 70 71 72 73 73 72 71 72 73 74 75 74 73 72 71 71 71 70 72 73 73 76 79 80 81 78 79 80 81 82 82 81 80 79 79 81 81 83 84 86 87 89 91 92 96 99 98 98 96 95 96 98 97 95 95 95 96 97 98 98 100 101 99 102 107 110 115 117 118 123 122 124 126 125 124 124 121 121 122 124 124 124 125 126 127 128
67 68 69 70 72 73 75 74 75 74 72 73 75 75 74 74 74 72 72 73 73 71 73 75 76 77 79 80 79 80 81 79 83 84 84 83 80 78 77 79 80 82 84 86 88 90 93 97 99 98 98 97 99 100 99 98 99 98 100 105 103 102 106 111 108 109 108 114 115 118 123 128 128 128 125 128 131 131 129 130 129 129 131 130 130 130 130 136 136 137
68 69 70 72 73 74 77 77 76 76 73 73 74 74 75 76 75 73 74 72 74 74 76 79 81 81 81 79 79 78 79 81 83 85 83 80 78 77 78 77 79 81 84 87 89 93 97 97 98 99 100 102 102 101 103 106 106 107 109 109 110 111 114 114 110 114 119 128 129 130 128 126 125 128 132 132 136 135 134 134 132 136 140 142 138 138 141 141 143 146
69 70 71 73 75 76 77 79 77 76 74 74 74 75 77 76 77 74 74 72 73 76 82 83 85 86 85 81 80 81 80 82 83 78 79 81 77 78 78 78 79 81 84 87 90 92 95 99 103 104 104 104 106 107 109 111 111 111 116 117 121 124 122 125 123 128 133 127 123 121 123 128 132 137 138 141 136 142 140 139 137 136 142 148 148 145 152 154 160 153
69 70 71 73 75 75 75 76 76 75 74 74 74 76 76 78 77 76 75 75 74 77 80 84 86 88 85 83 80 80 79 79 80 85 81 79 77 78 78 78 79 82 86 88 91 94 97 102 105 107 108 109 109 113 114 114 116 119 120 125 127 126 125 126 123 119 116 115 119 123 129 132 136 142 144 146 142 140 144 146 140 139 136 135 142 162 156 164 168 141
70 71 72 73 74 74 75 75 76 76 75 75 75 78 76 77 79 78 76 76 76 78 80 84 90 88 83 83 79 79 80 80 83 84 79 77 77 78 77 78 79 83 85 88 91 95 99 104 107 107 109 111 117 117 121 125 125 128 126 127 129 127 116 110 111 115 115 118 126 130 135 136 138 142 145 145 145 143 153 157 159 158 160 165 148 154 158 158 167 151
70 72 73 74 75 75 75 76 76 76 77 76 75 76 76 77 78 78 77 76 76 78 80 86 91 85 82 80 79 79 80 83 83 78 75 76 77 77 77 78 80 82 85 88 91 95 101 104 108 110 110 113 126 128 125 126 132 136 123 120 114 110 109 112 116 116 117 122 129 136 144 145 144 146 148 146 145 153 157 152 169 170 176 177 164 184 193 182 156 145
71 72 74 75 76 76 76 77 77 77 77 77 77 77 76 77 77 77 77 77 77 77 81 88 91 84 80 81 83 83 81 82 80 74 75 76 76 77 78 78 80 83 86 88 91 97 103 108 111 118 118 120 126 137 139 134 131 118 111 110 110 109 111 114 115 115 121 128 130 135 144 147 149 159 164 150 151 158 158 158 176 174 191 197 168 178 183 190 191 165
72 73 75 75 76 77 77 77 78 78 78 78 77 77 77 76 77 77 77 77 77 78 81 83 83 81 80 84 86 85 82 78 77 75 75 75 76 77 78 79 81 83 86 89 94 102 107 109 118 122 122 125 131 142 143 131 115 107 109 110 111 112 112 114 117 121 116 125 133 136 143 155 160 162 148 159 165 190 185 156 179 190 202 184 205 197 202 194 185 165
74 75 75 76 77 77 78 78 78 79 79 79 78 78 78 78 76 77 77 78 78 79 81 81 82 81 83 85 83 81 80 82 78 75 75 76 77 78 78 79 81 83 86 92 100 103 105 110 118 125 132 126 141 145 109 104 105 109 109 111 113 112 114 118 122 124 114 120 133 145 154 159 159 158 168 180 185 191 202 174 183 202 212 210 189 170 164 159 151 157
76 77 77 77 78 78 79 79 79 80 81 79 79 79 78 79 78 78 78 78 79 80 82 83 83 82 82 82 81 81 82 81 78 76 76 76 77 78 78 79 81 83 88 95 100 101 106 107 128 139 141 147 137 108 102 105 107 109 109 111 113 113 125 127 138 143 131 116 123 144 139 148 166 164 158 176 193 204 192 180 201 195 183 176 188 176 165 180 162 149
77 78 79 79 80 80 79 80 82 83 82 81 81 80 79 78 79 79 79 79 79 81 83 84 82 83 82 82 83 85 82 82 78 78 78 76 78 78 78 79 81 84 92 97 98 102 113 119 133 152 155 155 130 102 101 104 108 106 109 112 110 115 127 138 133 136 133 143 131 149 151 162 165 205 194 182 210 200 185 193 197 195 196 199 196 189 184 187 179 165
79 81 82 82 82 82 81 80 83 84 83 82 83 82 81 79 79 80 80 81 80 82 83 84 82 83 83 85 84 85 81 80 79 81 79 77 77 78 79 80 82 91 95 97 98 107 125 128 138 157 163 141 103 98 96 100 105 104 106 124 117 136 146 142 129 151 158 140 153 179 167 199 225 217 202 186 185 197 188 184 186 192 186 175 201 194 185 180 176 171
83 85 87 85 85 84 82 82 83 82 83 84 86 86 83 80 79 81 81 81 82 82 83 82 83 83 84 85 85 86 83 84 84 82 78 78 78 79 79 80 86 90 92 97 99 115 113 133 149 162 116 100 94 92 92 92 92 95 96 129 123 127 136 127 149 138 156 170 181 196 192 217 201 189 176 183 191 189 189 180 185 169 172 164 184 189 177 181 174 172
85 87 88 88 88 86 82 83 86 84 85 87 88 87 84 81 80 81 82 83 85 85 84 84 84 85 86 86 87 88 87 85 84 81 78 78 79 79 80 80 86 89 93 97 99 102 112 147 147 108 97 94 92 91 94 98 124 121 94 108 138 144 152 158 180 173 190 163 178 169 190 177 157 160 177 190 184 182 168 163 177 173 165 158 173 172 162 173 159 171
88 88 91 89 90 89 86 86 88 88 89 89 88 86 84 81 80 81 83 83 87 87 85 85 85 88 89 89 90 92 89 91 86 79 78 79 79 80 80 81 85 90 91 95 105 120 145 148 102 98 95 96 97 105 122 122 133 149 125 88 107 150 173 153 133 114 107 127 133 136 133 146 158 181 180 162 163 172 166 159 163 164 169 159 163 159 155 160 137 146
92 89 89 88 89 89 88 91 92 93 92 92 89 85 84 83 82 82 83 85 87 89 87 87 86 89 88 89 92 97 94 93 83 78 79 79 80 81 81 82 85 89 94 101 107 116 124 102 98 97 96 98 114 123 140 141 140 163 135 121 115 169 110 95 104 132 154 167 179 169 148 183 173 168 153 141 156 168 160 158 153 158 158 159 155 153 159 153 142 132
90 92 91 90 92 92 91 92 94 96 94 93 89 87 86 84 83 83 86 87 90 95 91 87 87 87 90 93 98 95 94 86 80 79 80 81 82 83 83 83 85 90 96 109 123 100 104 98 100 103 104 97 97 108 111 119 130 163 170 173 100 96 115 165 165 152 174 173 212 166 200 174 186 164 147 124 147 152 151 154 148 150 156 156 156 156 151 139 133 132
94 92 94 93 95 95 94 96 98 97 94 95 92 90 87 86 85 82 86 89 92 99 95 88 88 89 91 92 94 93 93 85 79 80 82 83 83 84 84 84 84 93 102 111 123 97 97 100 101 104 104 104 104 125 108 109 136 134 180 149 156 116 136 162 195 183 182 207 186 169 214 182 175 148 131 122 148 150 151 148 141 153 155 159 155 152 147 137 138 143
97 95 95 96 97 97 98 98 96 96 97 97 94 87 86 85 84 82 86 93 99 96 98 92 90 90 90 92 95 93 88 86 80 80 83 84 84 85 85 83 87 94 101 105 100 101 97 99 99 99 104 142 134 143 164 102 143 154 155 183 214 150 159 218 187 210 196 188 191 196 209 161 152 138 147 137 132 124 131 132 140 146 152 154 151 147 142 135 139 132
99 99 97 98 99 100 98 97 96 98 99 101 93 87 86 85 84 82 86 90 94 94 93 91 89 89 91 94 96 91 85 82 80 82 83 84 84 84 83 83 87 96 99 98 92 96 98 94 97 98 100 115 120 150 145 116 114 148 204 199 182 176 171 166 161 164 169 152 169 176 176 154 141 138 131 134 126 132 125 125 135 143 145 147 146 142 141 133 126 129
104 103 102 101 101 100 99 99 101 101 99 104 95 88 87 85 84 84 82 89 97 95 92 90 86 86 86 90 93 94 87 86 83 83 82 82 83 84 84 86 86 86 99 90 87 89 94 94 98 115 99 113 112 119 130 143 151 205 190 136 151 161 144 112 134 138 128 127 140 155 159 144 128 125 126 123 123 126 123 124 127 130 136 139 137 136 130 123 120 116
105 104 102 103 102 100 99 102 104 102 101 104 97 90 87 88 87 86 84 85 93 105 97 91 86 84 84 86 90 91 93 89 83 82 82 84 85 86 86 89 87 85 85 87 87 91 91 97 110 102 130 109 98 110 117 142 166 173 175 152 146 119 107 108 124 119 126 113 111 147 138 140 135 129 120 117 121 120 122 122 125 127 129 129 128 126 123 120 116 112
105 105 101 100 101 99 99 102 104 110 110 102 96 89 87 90 87 88 91 90 87 103 106 96 86 83 83 85 89 91 94 89 84 82 84 86 88 88 88 88 90 88 85 84 92 98 89 100 115 111 119 94 101 101 156 162 147 112 136 173 164 153 145 154 153 164 160 135 110 121 133 131 117 115 113 114 115 117 119 120 123 126 127 127 125 123 120 116 113 110
105 101 99 97 98 99 98 101 106 115 111 101 95 91 87 84 86 91 96 97 86 91 102 99 89 83 82 83 89 93 88 84 85 86 85 86 89 93 94 93 93 93 90 86 87 94 94 90 99 93 91 95 139 101 121 112 119 144 161 178 183 167 161 186 170 152 136 146 132 115 116 112 108 108 108 110 111 113 115 117 120 123 125 124 123 121 118 113 111 108
101 97 97 96 95 95 96 100 104 107 108 104 102 94 85 83 86 91 97 94 84 88 94 97 93 86 85 85 86 87 87 91 88 83 87 89 91 94 96 97 97 95 94 93 91 96 110 98 89 94 116 98 152 120 98 120 140 169 170 154 180 173 153 143 131 134 115 122 112 105 103 106 107 106 106 107 108 109 112 116 119 121 123 123 122 120 116 112 109 108
96 95 95 95 93 91 91 97 100 101 106 109 102 93 87 83 82 88 92 92 87 90 90 91 91 88 86 87 92 98 101 97 86 83 86 89 91 92 93 95 95 94 91 91 96 107 115 92 98 114 145 97 141 138 137 153 147 179 176 178 161 173 145 132 126 118 111 105 106 106 105 104 106 105 104 104 105 108 112 115 118 121 122 122 121 119 116 112 110 108
95 93 92 92 91 94 98 99 100 101 105 108 101 91 86 85 81 81 86 93 93 90 88 87 85 81 87 91 94 100 95 90 88 84 84 87 90 93 95 97 96 91 86 87 105 108 96 93 118 151 136 108 102 146 165 183 176 145 146 154 159 174 143 127 108 104 105 107 107 106 106 104 103 102 102 102 104 108 112 116 119 121 122 122 122 120 117 114 111 109
92 92 91 94 95 97 103 108 105 105 104 101 97 91 90 90 83 82 81 89 90 89 84 84 83 84 87 90 94 100 94 89 86 86 86 88 91 93 95 94 91 89 104 99 87 88 94 122 141 157 148 116 132 104 133 131 125 132 152 139 141 149 127 119 108 106 106 110 109 106 104 102 100 100 99 100 104 108 112 116 119 122 123 123 122 121 119 116 113 110
91 93 92 93 95 97 103 109 111 106 101 96 95 96 94 94 86 81 81 88 88 83 81 81 87 89 90 91 96 96 96 90 88 87 87 88 89 90 89 88 93 104 103 103 85 91 107 130 109 167 155 164 163 147 167 157 146 160 158 111 101 99 98 101 101 103 106 109 108 106 106 103 101 100 99 99 104 109 113 117 121 123 125 125 124 123 120 117 114 111
90 90 92 90 93 96 99 103 106 110 103 96 93 90 93 97 94 85 83 86 89 83 80 80 85 96 96 94 96 91 91 88 88 88 88 89 89 89 91 89 94 101 106 98 92 97 111 131 107 118 145 150 154 155 154 133 122 116 115 131 124 125 120 101 98 101 103 106 106 105 102 100 97 95 95 99 104 110 114 119 122 125 127 127 127 125 124 121 117 113
91 92 90 89 90 93 94 95 101 99 98 95 92 89 88 93 99 94 89 85 89 90 83 83 88 98 99 92 89 91 88 89 89 90 90 91 91 92 96 97 101 103 107 96 98 102 116 123 146 139 154 168 174 155 129 130 131 117 130 141 124 104 101 99 95 97 99 100 100 99 97 94 92 91 94 99 105 111 116 121 125 128 130 131 131 130 129 126 122 117
91 93 90 91 89 90 91 89 92 91 91 90 89 91 92 89 94 99 93 89 85 93 89 87 92 99 99 89 88 88 88 89 91 92 92 92 93 95 98 100 102 107 111 97 96 98 101 108 120 149 162 164 175 123 131 108 126 136 150 145 129 125 98 92 91 93 94 95 95 94 93 91 87 89 94 100 106 112 118 123 128 132 134 136 136 135 132 129 125 122
91 90 87 88 91 90 87 87 87 91 95 95 94 95 94 90 88 97 98 93 87 85 91 93 92 94 97 95 92 87 89 91 94 95 94 94 94 94 95 94 94 104 110 98 96 104 105 104 110 120 128 139 157 136 99 131 134 131 128 126 126 102 95 89 88 89 90 91 91 91 90 87 86 90 93 100 107 114 120 126 131 136 139 140 140 137 133 128 127 123
86 84 81 84 86 86 84 83 88 91 97 100 95 97 94 90 88 93 101 97 92 88 87 95 96 91 84 84 86 88 90 94 97 97 96 96 95 94 94 94 94 97 97 103 103 111 107 109 101 108 126 118 142 140 118 99 117 120 132 145 141 127 106 90 86 86 87 88 88 87 86 86 88 90 94 101 108 115 123 129 135 140 143 144 141 131 127 129 128 123
80 79 79 80 81 82 81 82 85 87 91 99 99 98 94 88 89 91 98 97 94 95 90 89 94 88 83 86 91 92 93 94 99 99 98 97 96 95 97 95 97 93 97 101 100 108 111 114 105 99 103 127 132 125 94 107 120 139 144 149 124 128 110 94 87 86 86 86 86 87 87 88 90 95 98 104 110 117 124 131 138 141 144 146 139 133 127 131 127 124
79 80 80 79 79 80 80 79 77 79 81 87 94 95 87 80 83 85 86 88 92 94 88 82 84 83 87 90 94 96 97 99 102 101 99 97 96 95 96 95 98 96 95 98 96 97 99 101 97 95 95 94 91 90 98 128 129 127 147 137 120 107 100 97 90 87 87 88 88 88 89 91 95 97 101 106 112 118 124 131 135 134 143 148 140 132 131 129 126 123
81 82 83 82 81 78 81 80 79 79 78 76 78 79 77 80 81 82 84 95 96 92 84 81 84 87 91 94 96 97 98 100 101 100 99 97 96 96 96 96 94 96 96 98 92 93 100 96 91 94 93 91 96 109 126 136 116 119 129 118 110 108 101 92 89 89 89 90 90 91 92 94 98 100 104 108 114 119 122 126 137 143 151 151 144 141 136 131 129 123
80 84 83 84 84 82 81 80 81 81 79 78 80 81 81 81 80 82 79 82 88 94 93 84 86 91 94 96 98 99 100 101 101 101 99 98 96 95 94 94 94 92 93 94 91 90 90 89 93 98 96 96 104 106 109 101 107 122 132 121 118 122 110 100 93 91 91 92 92 93 94 96 99 103 105 110 115 122 128 135 141 -9999 157 155 147 145 143 138 135 127
