RDATA - Copy/clipped/fe_buffer_bio13.asc
NCOLS 1344 
NROWS 672 
XLLCORNER -43 
YLLCORNER 25 
CELLSIZE 0.0833333333333333 
NODATA_value -9999 
[rows 40 to 79 of 672, columns 180 to 269 of 1344]
60 60 59 59 58 57 57 57 56 56 55 55 55 55 54 54 54 53 53 52 52 51 51 50 50 49 49 48 48 47 47 46 46 45 45 44 44 43 42 41 41 40 39 38 37 36 36 35 34 33 32 32 31 30 29 29 28 27 26 26 25 24 24 23 23 22 22 21 21 21 20 20 20 20 20 19 19 19 19 20 21 22 23 22 22 21 20 19 18 18
61 61 60 60 59 59 58 58 58 57 57 56 56 55 55 55 54 54 54 53 53 52 52 51 51 50 50 49 49 48 48 47 47 46 46 45 44 43 43 42 41 40 39 38 38 37 36 35 34 33 33 32 31 30 30 29 28 27 26 26 25 24 24 23 23 22 22 21 21 21 21 20 20 20 20 20 19 19 20 22 23 23 22 22 23 22 21 21 21 20
64 64 63 63 62 62 61 60 60 60 59 59 58 58 57 56 56 56 55 55 55 54 54 54 53 53 52 51 51 50 49 49 48 47 46 46 45 44 43 42 42 41 40 39 38 37 36 36 35 34 33 32 31 31 30 29 28 27 27 26 25 25 24 23 23 23 22 22 22 21 21 21 21 21 21 21 21 21 21 21 21 20 20 19 19 18 18 18 18 18
65 65 65 64 64 63 63 62 62 61 61 60 60 59 59 58 58 58 57 57 57 56 56 56 55 55 54 54 53 52 51 50 49 48 48 47 46 45 44 43 42 41 40 39 38 38 37 36 35 34 33 33 32 31 30 29 28 27 27 26 25 25 24 24 24 23 23 23 23 23 23 23 24 24 24 24 24 24 23 23 22 22 21 21 21 20 19 19 19 20
65 65 65 64 64 64 64 64 63 63 63 62 62 61 61 61 60 60 59 59 59 58 58 58 57 57 56 55 55 54 53 52 51 50 49 48 47 46 45 44 43 42 41 40 39 38 37 36 35 34 34 33 32 31 30 29 28 27 27 26 25 25 24 24 24 24 24 24 24 24 24 24 24 24 24 24 24 24 24 23 23 23 24 25 26 27 27 27 27 27
66 65 65 65 65 65 64 64 64 64 64 64 63 63 63 63 63 62 62 61 61 60 60 60 59 59 58 58 57 56 56 55 54 53 52 51 50 48 47 46 45 43 42 41 40 39 37 35 34 33 33 32 32 31 30 29 28 28 27 26 25 25 24 24 24 24 24 24 24 24 24 24 24 24 24 24 24 24 24 24 25 26 25 24 24 25 27 27 27 27
66 66 66 66 66 66 66 65 65 65 65 65 64 64 64 64 63 63 63 62 62 62 61 61 61 61 60 60 60 59 59 58 57 56 55 53 52 51 49 48 46 45 43 42 40 39 38 37 36 35 34 33 32 31 30 29 28 27 27 26 25 25 24 24 23 23 23 23 23 24 24 24 25 25 24 24 24 24 24 24 24 25 24 23 23 23 23 24 25 25
67 67 67 67 67 67 67 66 66 66 66 66 65 65 65 64 64 64 63 63 63 63 62 62 62 62 62 61 61 61 61 61 60 58 57 55 53 52 51 50 47 45 43 42 40 39 38 37 35 34 34 33 32 31 30 29 28 27 27 26 25 24 24 23 23 22 22 22 22 22 22 22 23 24 24 25 24 25 25 26 26 26 25 25 24 24 24 23 23 23
69 68 68 68 68 68 68 67 67 67 67 66 66 66 65 65 65 64 64 64 64 63 63 63 62 62 61 61 62 62 61 61 60 58 56 53 50 49 47 46 44 43 42 40 39 38 37 36 35 34 33 32 31 30 30 29 28 27 26 26 25 24 24 23 23 22 22 22 21 21 21 21 21 22 23 23 23 23 24 26 26 26 26 25 25 26 24 25 24 25
70 70 69 69 69 69 69 68 68 68 68 67 67 67 67 66 66 66 65 65 65 65 64 63 63 62 61 60 59 59 59 58 57 55 52 50 48 47 46 44 43 43 43 42 41 39 37 36 35 34 33 32 31 30 29 28 28 27 26 25 25 24 24 23 23 22 22 22 22 21 21 21 21 21 21 22 22 22 23 24 24 25 25 25 27 26 25 25 21 -9999
71 71 70 70 70 70 69 69 69 69 69 68 68 68 68 68 68 68 67 67 67 67 66 65 64 63 62 60 59 57 56 54 53 51 49 48 47 46 45 43 42 42 42 42 40 38 37 36 35 34 33 32 31 30 29 28 27 27 26 25 25 24 23 23 23 22 22 22 22 -9999 21 21 21 21 21 21 21 20 20 20 20 20 20 20 19 19 19 19 -9999 -9999
72 71 71 71 71 71 70 70 70 70 70 70 70 70 70 70 70 70 70 70 69 69 69 68 67 66 64 63 61 59 57 55 53 51 49 48 48 47 46 45 43 42 41 40 39 39 38 37 36 35 34 33 32 31 29 28 28 27 26 25 24 24 23 23 22 22 22 22 22 22 -9999 -9999 21 21 21 21 21 21 20 20 20 20 20 -9999 20 19 19 -9999 -9999 -9999
74 73 73 73 73 72 72 72 72 72 72 72 72 72 72 72 72 72 72 72 72 72 71 70 70 69 67 66 65 63 61 59 57 56 54 52 50 49 47 46 44 43 42 41 41 40 40 39 39 37 36 34 33 31 30 29 28 27 26 25 24 24 23 23 23 23 22 22 22 22 22 22 22 21 21 21 21 21 21 20 20 20 20 20 -9999 -9999 -9999 19 19 -9999
75 75 75 75 74 74 74 74 74 74 74 74 74 74 74 74 74 74 74 74 74 74 73 73 72 71 70 69 68 66 65 63 62 60 58 57 55 53 51 49 47 45 43 42 43 44 44 42 41 39 37 35 33 32 30 29 28 27 26 26 25 24 24 23 23 23 23 22 22 22 22 22 22 22 21 21 -9999 21 21 21 20 20 20 20 20 20 20 20 19 19
76 76 76 76 75 75 75 75 75 75 76 76 76 76 76 76 77 77 77 77 77 77 76 76 75 74 73 72 71 69 68 66 65 63 61 59 58 57 55 53 51 49 47 44 43 44 46 45 45 43 39 36 34 32 31 30 29 28 27 26 25 25 24 24 23 23 23 23 22 22 22 22 22 22 22 21 21 21 21 21 21 20 20 20 20 20 20 20 -9999 19
77 77 76 76 76 76 76 76 76 77 77 77 77 78 78 78 78 79 79 79 79 79 78 78 77 76 75 74 73 71 70 68 66 65 63 61 59 59 57 55 52 49 47 45 43 41 39 38 36 36 35 34 33 32 31 30 29 28 27 27 26 25 25 24 24 23 23 23 23 22 22 22 22 22 22 22 21 -9999 -9999 21 21 21 20 20 20 20 20 20 22 23
77 77 77 77 77 77 77 77 77 77 78 78 78 78 78 79 79 79 80 80 80 79 79 79 78 77 76 75 73 72 70 69 67 65 63 61 60 59 57 54 50 45 41 38 37 37 36 36 36 35 35 35 34 33 32 31 30 29 29 28 27 26 26 25 25 24 24 23 23 23 23 22 22 22 22 22 -9999 -9999 21 21 22 23 23 23 23 23 21 20 22 22
78 78 77 77 77 77 77 77 77 77 77 78 78 78 78 78 78 78 78 78 78 78 78 77 77 76 75 73 72 71 70 68 66 64 63 62 63 62 60 56 52 48 44 41 39 38 38 37 38 38 37 37 36 35 34 33 32 31 30 29 29 28 27 26 25 25 24 23 24 25 28 28 26 24 23 22 22 23 23 22 22 24 27 25 22 22 23 26 28 27
79 78 78 77 77 77 77 77 77 77 77 76 76 76 76 77 76 76 76 76 76 75 75 75 74 73 72 71 70 69 68 67 65 64 62 60 59 58 56 54 52 50 47 44 43 44 46 44 42 41 40 38 36 35 35 34 33 33 32 31 30 29 28 27 26 26 26 25 25 27 29 29 26 24 23 22 22 22 22 21 21 21 21 21 21 21 20 20 21 22
79 79 78 78 78 78 77 77 77 77 77 76 76 76 76 75 75 75 75 74 74 74 73 73 72 72 71 70 69 68 67 66 65 63 62 60 59 57 55 54 52 50 49 47 45 44 43 42 41 41 40 40 39 38 37 36 36 35 34 33 31 30 29 29 29 30 32 34 35 36 33 28 24 23 22 22 22 22 22 22 22 21 21 21 21 21 21 23 27 29
79 79 79 79 78 78 78 78 77 77 77 76 76 76 76 75 75 75 74 74 73 73 73 72 72 71 71 70 69 68 67 66 65 64 63 61 60 58 57 55 54 52 51 50 48 47 46 45 44 43 43 42 41 40 40 39 38 37 37 36 34 32 31 32 33 35 35 35 36 35 32 28 26 29 31 28 26 29 30 29 30 31 29 29 30 27 26 28 27 25
80 79 79 79 79 78 78 78 77 77 77 76 76 75 75 75 74 74 74 73 73 73 73 72 72 72 71 71 70 70 69 68 67 66 64 63 62 60 59 57 56 55 53 52 51 50 49 48 47 46 46 45 44 44 43 42 41 40 39 39 37 35 35 38 40 38 34 31 29 28 27 27 29 32 33 31 28 28 32 34 34 34 33 33 34 34 33 33 34 30
80 80 79 79 78 78 78 77 77 76 76 75 75 75 74 74 74 73 73 73 73 73 72 72 72 72 71 71 71 70 70 69 69 67 66 65 63 62 61 59 58 57 56 55 54 53 52 51 50 50 49 49 48 47 47 46 45 44 43 43 43 42 42 41 39 37 34 30 29 30 35 40 42 43 42 39 35 32 31 34 34 33 33 31 28 27 29 30 29 28
80 80 79 79 78 78 77 77 77 76 76 75 75 74 74 74 73 73 73 73 72 72 72 72 71 71 71 71 70 70 69 69 68 67 66 65 64 63 62 61 60 59 58 57 56 55 55 54 53 53 52 52 51 51 50 49 49 48 47 47 47 46 46 46 43 40 36 32 28 25 25 26 28 29 29 28 29 32 34 33 31 30 30 31 29 26 25 26 29 31
81 80 80 79 79 78 78 77 76 76 76 75 75 74 74 74 73 73 73 72 72 72 71 71 71 70 70 70 69 69 68 68 67 67 66 66 65 64 63 62 61 60 59 59 58 58 57 57 56 56 55 55 54 54 53 52 51 50 49 48 47 47 46 46 45 40 35 36 37 34 33 32 27 24 23 24 27 31 35 36 35 34 32 29 27 27 28 30 33 34
81 80 80 79 79 78 78 77 77 76 76 75 75 75 74 74 73 73 73 72 72 71 71 70 70 70 69 69 68 68 68 67 67 66 66 65 65 64 64 63 62 61 61 60 60 59 59 59 59 58 58 57 56 55 54 52 51 49 47 46 43 41 38 36 33 29 29 40 44 47 50 50 48 44 43 38 27 23 25 31 40 46 42 38 36 37 39 39 37 36
81 80 80 79 79 78 78 77 77 76 76 75 75 75 74 74 73 73 72 72 71 71 70 70 70 69 69 69 68 68 68 68 67 67 66 66 66 65 65 64 63 63 62 62 62 61 61 61 61 60 60 59 58 57 56 54 52 50 47 45 43 40 38 36 36 37 38 40 42 40 39 39 39 39 37 35 36 32 27 24 25 29 36 37 38 37 36 36 36 36
81 80 80 79 78 78 77 77 77 76 76 75 75 74 73 73 72 72 72 71 71 71 70 70 70 69 69 69 69 69 68 68 68 68 67 67 67 67 66 66 65 65 64 64 64 63 63 63 63 63 63 62 62 60 59 57 55 52 50 48 46 45 44 43 44 44 44 44 46 47 47 45 44 44 43 42 40 35 28 26 28 27 38 38 37 37 37 37 37 36
80 80 79 79 78 78 78 77 77 76 75 75 74 73 73 72 72 72 71 71 71 71 71 70 70 70 70 70 70 70 70 69 69 69 69 69 69 69 68 68 68 67 67 66 66 66 66 66 66 66 66 66 65 64 62 59 57 54 52 50 49 47 46 45 43 41 40 39 39 40 40 41 43 44 43 40 35 32 31 35 38 36 33 32 28 -9999 31 35 34 32
80 79 79 78 78 77 77 76 76 75 74 74 73 73 73 72 72 72 72 72 72 71 71 71 71 71 71 71 71 71 71 71 71 71 70 70 70 70 70 70 70 69 69 68 68 68 67 67 68 68 68 68 68 67 64 62 59 56 55 54 54 53 51 46 39 34 31 30 30 33 37 41 43 45 46 43 40 39 39 40 40 38 38 37 34 32 32 27 24 24
80 79 79 78 77 76 76 75 75 74 74 74 74 73 73 73 73 73 72 72 72 72 72 72 72 72 72 72 72 72 72 72 72 72 72 72 72 72 72 72 72 71 71 70 70 69 69 68 68 68 68 69 69 68 66 64 60 57 54 53 52 50 49 47 46 43 40 37 33 30 30 36 40 43 43 42 40 41 43 42 39 38 34 34 31 33 36 37 32 25
80 79 78 77 77 76 75 75 75 75 74 74 74 74 74 73 73 73 73 73 73 73 73 72 72 72 72 72 73 73 73 73 73 73 73 73 73 73 73 73 72 72 72 71 71 70 69 68 68 67 67 67 67 67 66 65 63 60 56 52 49 48 49 49 48 48 48 48 48 43 33 27 26 31 36 37 35 34 32 29 32 34 36 35 32 32 31 27 25 24
79 79 78 77 77 77 76 76 75 75 75 75 75 74 74 74 74 74 73 73 73 73 73 73 73 72 72 72 72 72 73 73 73 73 73 73 73 72 72 72 72 72 72 71 71 70 69 68 67 66 66 65 64 63 63 62 62 61 59 56 53 51 51 50 49 48 48 50 50 48 45 42 38 35 30 28 28 30 33 36 39 38 36 34 33 33 29 25 24 25
80 79 79 78 78 77 77 77 76 76 76 75 75 75 75 74 74 74 74 74 73 73 73 73 72 72 72 72 72 72 72 72 72 72 72 72 72 72 72 71 71 71 70 70 69 69 68 67 66 65 64 63 62 61 60 59 58 58 57 56 54 53 51 50 50 49 48 49 49 49 48 47 45 43 41 39 37 36 37 36 36 38 39 37 35 32 28 25 24 25
80 80 79 79 78 78 78 77 77 77 76 76 76 76 75 75 75 75 74 74 74 74 73 73 73 73 72 72 72 72 71 71 71 71 71 71 71 71 70 70 69 69 68 68 67 66 65 64 64 63 62 61 60 59 58 57 56 55 54 53 53 52 52 51 50 49 48 48 48 48 48 48 47 43 40 39 39 39 37 35 34 36 38 38 35 32 27 25 24 25
81 80 80 79 79 79 78 78 78 77 77 77 77 76 76 76 75 75 75 75 75 74 74 74 74 74 73 73 73 72 72 72 71 71 71 70 70 69 68 68 67 66 65 64 63 63 62 61 60 59 59 58 57 56 56 55 55 54 53 52 52 51 51 50 49 47 47 48 44 41 45 47 46 41 42 47 47 44 41 39 37 34 33 36 37 35 29 25 25 25
81 81 80 80 80 79 79 78 78 78 77 77 77 76 76 76 76 75 75 75 75 75 75 75 75 75 75 74 73 73 72 72 71 70 69 68 66 65 64 63 62 62 61 60 60 59 58 57 57 56 56 56 55 55 55 55 54 53 52 51 50 50 51 52 52 52 51 49 45 38 37 47 48 46 47 48 48 47 44 42 40 39 37 34 29 30 28 28 31 32
82 81 81 80 80 80 79 79 78 78 77 77 76 76 76 75 75 75 75 75 75 75 75 75 75 75 74 74 73 72 71 70 68 66 64 62 61 60 60 61 61 61 60 59 58 57 56 56 56 55 56 55 54 55 56 57 55 53 52 50 50 51 56 58 58 57 56 54 53 52 48 40 32 38 47 48 42 38 38 38 36 35 33 31 36 39 37 31 32 34
82 82 81 81 80 80 79 79 78 77 77 76 75 74 74 73 73 72 72 72 71 71 71 71 71 70 70 70 69 68 66 65 63 60 58 56 56 57 60 64 67 68 64 60 58 56 56 56 56 57 57 56 54 52 50 50 50 50 50 49 48 48 50 53 56 57 57 56 53 50 49 44 35 34 39 37 32 30 31 32 35 36 34 32 33 34 37 34 28 27
83 82 82 81 81 80 79 78 77 76 75 74 73 72 71 70 69 69 68 68 68 68 68 68 68 67 67 67 65 63 61 60 58 56 53 51 51 51 52 54 55 56 55 55 55 55 55 56 57 58 60 60 58 53 50 49 49 49 48 47 46 45 46 50 50 50 51 52 52 48 44 39 33 29 28 29 31 34 35 37 43 47 46 38 34 39 39 35 31 28
